1, 1.0, 0.084, 1.0, 0.174, 1.0, -0.133, 0.982, 0.645, 1.0, 0.479, 1.0, 0.591, 1.0, 0.708, 1.0, 0.828, 1.0, 0.951, 1.0, 1.0, 0.98, 1.0, 0.916, 1.0, 0.839, 1.0, 0.748, 1.0, 0.644, 1.0, 0.525, 1.0,0
1, 1.0, 0.004, 1.0, -0.012, 1.0, -0.03, 1.0, -0.07, 0.978, -0.063, -0.6068700509161851, -0.065, 0.973, -0.079, 0.926, -0.137, 0.942, -0.143, 0.996, -0.142, 0.948, -0.136, 0.895, -0.209, 0.891, -0.179, 0.856, -0.24065290280632978, -0.7827313737437901, -0.201, 0.839, -0.208,0
1, 0.982, 0.009, 0.981, -0.038, 0.976, -0.057, 0.959, -0.07, -0.5196302410959337, -0.045, 0.947, -0.111, 0.934, -0.128, 0.942, -0.116, 0.797, -0.192, 0.883, -0.174, -0.8983146114969427, -0.187, 0.885, 0.5089679992545788, 0.6583604546399695, -0.211, 0.785, -0.239, 0.769, -0.231, 0.743, -0.239,0
0, 1.0, 1.0, 0.7552849947836449, 1.0, 0.91, 1.0, -0.27, 1.0, -0.832, 1.0, -1.0, 1.0, -1.0, 0.725, -1.0, -0.578, -1.0, 0.7659841933674143, -1.0, -1.0, -0.528, -1.0, 0.9, -1.0, 1.0, -1.0, 1.0, -1.0, 1.0, -0.347, 1.0, 0.348,0
1, -0.679, -1.0, -1.0, 1.0, 1.0, 0.633, 0.035, -1.0, -1.0, -1.0, 1.0, 1.0, 0.887, -0.6215721936015348, -1.0, 1.0, 0.838, 1.0, 1.0, -1.0, -1.0, -1.0, -0.189, 1.0, 1.0, -1.0, 0.13812445922245375, -1.0, -1.0, 1.0, 1.0, 0.336,1
1, 0.083, -0.207, 0.12374396648345143, 1.0, -1.0, 1.0, 0.47183023380856737, 0.472, -0.821, -0.627, -1.0, -1.0, -1.0, 1.0, -0.028, 0.592, -0.421, -0.421, -0.746, -1.0, -1.0, -0.468, -1.0, 0.238, 1.0, 0.35595214724446467, -1.0, -0.389, -1.0, -1.0, 0.43094087425408434, 0.615,1
1, 1.0, -0.023, 1.0, -0.045, 1.0, -0.067, 1.0, -0.088, 1.0, 0.562, 1.0, -0.127, 1.0, -0.145, 1.0, 0.324, 0.33072776657778946, -0.176, 0.995, -0.189, 0.956, -0.201, 1.0, -0.923, 0.873, -0.218, 0.829, -0.224, 0.7528801564483159, -0.228, 0.74, -0.23,0
0, -1.0, 1.0, 1.0, -1.0, -1.0, 1.0, 0.0, 0.0, 1.0, 1.0, -1.0, -0.188, 1.0, 1.0, -1.0, -1.0, 0.24007365788334822, -1.0, -1.0, -1.0, -0.8405844079890717, 1.0, 1.0, -1.0, 1.0, 1.0, 1.0, 1.0, 0.0, -0.6503552667913854, -1.0, -1.0,1
1, 0.172, -1.0, -1.0, 1.0, 0.5524031942599461, 0.0, 0.0, 0.0, -1.0, 1.0, 0.0, 0.0, -0.614, -0.677, 0.805, 0.361, 0.52, 0.144, 0.0, 0.0, 0.6390098588631976, -0.271, -0.848, 0.962, 1.0, 1.0, -1.0, 0.677, 0.0, 0.0, 0.0, 0.0,1
0, 1.0, -1.0, 1.0, 1.0, -1.0, -1.0, 1.0, -1.0, 0.0, 0.0, 0.0, 0.0, -1.0, 1.0, 1.0, -1.0, -0.6931181661070134, -1.0, -0.75, 1.0, 1.0, -1.0, 1.0, -1.0, 1.0, 0.5693655632364949, -1.0, -1.0, -0.8133425572452467, 0.0, 1.0, -1.0,1
1, 1.0, 0.051, 1.0, -0.27175402996869624, -0.2821548020658444, 0.195, 1.0, 0.285, 1.0, 0.348, 1.0, 0.383, 0.14746973923115747, 0.429, 0.891, 0.504, 0.759, 0.588, 0.806, -0.028356838279486873, 0.796, 0.628, 0.666, 0.639, 0.594, 0.09235591233995644, 0.495, 0.2300580556574412, 0.21803223835724217, 0.717, 0.334, 0.752,0
1, 1.0, 0.4772471765701769, -0.5955804897461973, 0.629, 1.0, 0.096, 1.0, 0.203, 1.0, -1.0, 1.0, -0.406, 1.0, -0.159, 1.0, 0.6884125097860612, 1.0, -0.615, 1.0, -0.266, 1.0, -1.0, 1.0, -0.58, 1.0, -0.814, -0.6425869352283391, -0.6185246546795882, 1.0, -0.786, 1.0, -0.483,0
1, 1.0, -1.0, 1.0, 1.0, 1.0, 1.0, -0.2572524094156111, 1.0, 1.0, 1.0, 1.0, -1.0, 1.0, -1.0, 1.0, 1.0, 1.0, -1.0, 1.0, 1.0, 1.0, 1.0, 1.0, -1.0, 1.0, 1.0, 1.0, -1.0, 1.0, 1.0, 1.0, -1.0,1
1, 0.741, 0.05, 0.791, 0.025, 0.786, 0.038, 0.662, 0.099, 0.546582865423193, 0.10758909748578183, 0.759, 0.073, 0.747, 0.1384539178429296, 0.707, -0.3503158123582406, 0.636, 0.0, 0.7, 0.114, 0.3028611674212993, 0.122, 0.67, 0.154, 0.642, 0.136, 0.657, 0.175, 0.598, 0.147, 0.575, 0.151,0
1, 0.42, -0.61, 0.0, 0.0, 1.0, -1.0, 0.9, 1.0, -0.2687811561088965, -0.8867365615178683, 0.0, 0.0, 0.0, 0.0, 0.4341444679149762, -0.7316945110754329, 0.84, -1.0, 0.0, 0.0, 0.0, 0.0, 0.21, 0.68, 0.19496310157584107, 0.22, 0.0, 0.0, 0.0, 0.0, 0.0, 0.0,1
1, 0.43448426002508134, 0.816, -0.73, 1.0, -0.395, 0.8545186384242305, 0.054, 0.297, -0.186, -0.102, -0.032, -0.09, 0.014, -0.034, 0.011, -0.005, 0.003, 0.23454994364514703, 0.0, -0.696065714977697, -0.0, 0.366890008879567, -0.0, 0.0, -0.0, 0.0, 0.0, 0.0, 0.0, 0.0, 0.0, 0.0,1
1, 0.436, -0.127, 0.582, -0.145, 0.182, -0.673, 0.345, -0.036, 0.291, -0.055, 0.291, 0.291, 0.364, -0.418, 0.2, -0.018, 0.364, 0.055, 0.127, 0.491, 0.618, 0.164, 0.327, 0.164, 0.24821728031342327, -0.07, 0.345, -0.054193258065309724, 0.127, -0.364, 0.291, -0.291,1
1, 0.07012919920266825, 0.833, -0.762, -0.238, 0.333, -0.143, 0.452, -0.143, -0.673, 0.128, 0.333, 0.0, 0.286, -0.071, -0.382, 0.512, 0.238, 0.024, 0.452, 0.048, 0.167, -0.262, -0.573, -0.102, 0.249, 0.08081759677287592, 1.0, 0.0, -0.667, -0.048, 0.262, 0.024,1
1, 0.641, 0.014, 0.341, -0.024, 0.528, 0.035, 0.195, 0.122, 0.433, 0.048, 0.22, 0.6558058456647688, 0.293, 0.0, 0.366, 0.0, 0.317, 0.073, 0.268, 0.122, 0.237, 0.058, 0.22, 0.098, 0.193, 0.056, 0.174, 0.055, 0.195, 0.0, 0.171, 0.073,0
1, 0.0, 0.0, 1.0, -0.20004367809743706, 0.0, 0.0, 0.0, 0.0, 1.0, 1.0, 1.0, -0.253, 1.0, 0.233, 1.0, -1.0, 0.0, 0.0, 0.0, 0.0, 1.0, 1.0, 0.0, 0.0, 1.0, -1.0, 0.0, 0.0, 1.0, 0.15573395163652815, 0.0, 0.0,1
1, 1.0, -0.378, 0.649, 0.297, 0.649, -0.243, 0.865, 0.189, 1.0, -0.27, 0.514, 0.0, 0.622, -0.054, 0.324, -0.216, 0.718, -0.177, 0.622, 0.054, 0.757, 0.135, 0.351, -0.297, 0.61, -0.222, 0.585, -0.23, 0.73, -0.595, 0.6507826288348955, -0.243,0
1, 0.945, -0.035, -0.5829196128954458, -0.332, -1.0, -0.24398026364948144, 0.973, 0.012, 0.934, -0.02, -1.0, 0.164, -1.0, -0.004, 0.953, -0.035, 0.922, -0.027, -0.992, 0.117, -0.934, 0.348, 0.957, -0.004, 0.82, 0.138, 0.902, -0.066, -1.0, -0.188, -1.0, -0.539045939114654,1
1, 0.627, -0.078, 0.33849394073209127, 0.0, 0.608, -0.078, 0.627, -0.118, 0.686, -0.118, 0.667, -0.137, 0.647, -0.098, 0.549, -0.118, 0.549, -0.216, 0.588, -0.196, 0.667, -0.235, 0.39812302761667473, -0.255, 0.524, -0.247, 0.569, -0.314, 0.431, -0.216, 0.471, 0.045801971816877396,1
1, -0.656, 0.156, 0.062, 0.053199936881009435, 0.0, -0.8993492265928884, -0.8270941921107224, 0.062, 0.188, -0.3794320666648988, -0.031, 0.094, 0.062, 0.0, 0.156, -0.156, 0.438, -0.375, 0.0, -0.094, 0.0, 0.0, 0.031, -0.469, 0.031, 0.0, -0.719, 0.031, -0.031, 0.0, 0.6868918849357617, -0.7717501422790228,1
1, 0.444, 0.444, 0.537, 0.908, -0.222, 1.0, -0.333, 0.889, -1.0, 0.333, -1.0, -0.111, -1.0, -0.222, -0.667, -0.778, 0.556, -1.0, -0.222, -0.778, 0.778, -0.222, 0.333, 0.0, 0.921, 0.45, 0.575, 0.844, 0.222, 1.0, -0.556, -0.06253000420111465,0
1, 0.776094851963244, 0.0, 0.8264640387674942, 0.0, 0.5, 0.5, 0.75, 0.0, 0.912, 0.121, 0.891, 0.142, 0.869, 0.162, -0.7346867243141604, 0.25, 0.75, 0.5, 0.75, 0.0, 1.0, -0.25, 0.5, 0.5, 0.739, 0.264, 0.75, 0.25, 0.696, 0.291, 0.675, 0.303,0
0, -1.0, 1.0, 1.0, 1.0, 0.0, 0.05579423649604287, -0.17332492516686326, -0.6026687327778593, 1.0, -1.0, -0.6323461983428211, -1.0, -1.0, -1.0, 0.0, 0.0, -1.0, -1.0, 0.8675840031047315, 0.0, 0.0, 0.0, -1.0, -0.7066750320854306, 1.0, -1.0, 1.0, 1.0, -1.0, -1.0, 0.0, 0.0,1
1, 1.0, -0.082, 1.0, -0.113, 0.992, -0.298, 1.0, -0.331, 0.967, -0.343, -0.6286192139677282, -0.473, 0.919, -0.482, 0.731, -0.652, 0.681, -0.635, 0.824, -0.783, 0.588, -0.748, 0.67, -0.963, 0.6414326824344305, -0.857, 0.379, -0.839, 0.241, -0.888, 0.292, -0.896,0
1, 1.0, -0.095, -1.0, -1.0, -1.0, -1.0, 1.0, 0.317, 0.813, 0.762, -1.0, 0.15916261988672487, -1.0, 1.0, 0.474, 1.0, -0.9744757800303576, 1.0, 0.688, -1.0, -1.0, -1.0, 0.829, 0.365, 1.0, 1.0, 1.0, 0.508, -1.0, -0.325, -1.0, 0.728,1
1, 1.0, -1.0, 1.0, 1.0, 1.0, 1.0, 1.0, -0.5, 1.0, 1.0, 1.0, 1.0, 1.0, 1.0, 0.0, 0.0, 1.0, 1.0, 1.0, 1.0, 1.0, -1.0, 1.0, 1.0, 1.0, 0.625, 1.0, -0.75, -0.75, 1.0, 1.0, -0.7733686547198726,1
1, 0.798, 0.7756284968405096, 0.808, -0.17, 1.0, -0.077, 0.982, -0.074, 0.702, 0.207, 0.17577790403174642, 0.021, 0.2654135742377055, 0.6535619990093544, 1.0, -0.131, 0.957, 0.077, 1.0, 0.002, 0.903, 0.308, 1.0, -0.145, 1.0, -0.004, 0.756, -0.16642174710669133, 1.0, 0.00962565164305862, 0.5814388430634139, -0.057,0
1, 1.0, 0.091, 0.955, -0.091, 0.773, 0.0, 1.0, 0.8617944861440441, 0.955, 0.0, 1.0, 0.045, 0.909, -0.045, 1.0, 0.0, 1.0, 0.0, 0.864, 0.091, 0.773, 0.091, 0.909, 0.045, 0.915, 0.029, 0.955, 0.091, 0.864, -0.091, 0.864, 0.045,0
0, 0.0, 0.0, -1.0, 1.0, 1.0, 1.0, -1.0, -1.0, 0.0, 0.0, 0.7382175465436227, -1.0, -1.0, -0.312, -1.0, -1.0, 1.0, -1.0, 1.0, -1.0, 0.0, 0.5085631957064762, 1.0, -1.0, -1.0, -1.0, -0.9015764901185354, 0.0, 1.0, -1.0, 0.9962393273590691, 0.0,1
1, -1.0, 1.0, -1.0, 0.152, 0.284, 1.0, -1.0, 1.0, -1.0, -1.0, 1.0, 1.0, -1.0, -0.235, 0.283, -1.0, 1.0, 1.0, -0.314, -1.0, -1.0, -1.0, 1.0, -1.0, -1.0, -0.036, 1.0, -1.0, -1.0, -0.323, 0.149, 1.0,1
1, 0.474, -0.105, 0.838, 0.018, -0.8771854038064334, 0.026, 0.684, -0.053, 0.684, 0.0, 0.799, 0.6814878856952973, 0.783, 0.058, 0.842, 0.474, 1.0, 0.053, 0.726, 0.076, 0.703, -0.7749973548983683, 0.421, 0.211, 0.654, 0.09, 0.526, -0.211, 0.602, 0.095, 0.017147837443544534, 0.097,0
1, -0.006, -0.5, 0.0, -0.48032526566654565, -0.019, -0.3050285469053845, 0.00436504674245719, 0.0, 0.0, -0.4752025300346321, 0.0, 0.0, 0.7219603992351238, 0.0, 0.0, 0.0, 0.314, 0.929, -0.353, 0.744, -0.346, -0.808, 0.18206819966017918, 0.0, -0.615, -0.513, 0.0, 0.0, 0.0, 0.0, 0.0, 0.0,1
0, 1.0, -1.0, 1.0, 1.0, 1.0, -1.0, 1.0, 1.0, 1.0, -1.0, 1.0, 1.0, 1.0, 0.25094244332307536, 1.0, -1.0, -0.7371867461449435, 1.0, 1.0, 0.5768206784447703, 1.0, -1.0, -0.5844502359592473, -0.8457674719034153, 1.0, -1.0, 1.0, 1.0, 0.7594455312377413, -1.0, 1.0, 1.0,1
0, 0.0, 0.0, 0.0, 0.0, 0.0, 0.0, 0.0, 0.0, 0.0, 0.0, 0.0, 0.0, 0.0, 0.0, 0.0, 0.0, 0.0, 0.3825403087266117, 0.0, 0.0, 0.0, 0.0, 0.0, 0.0, 1.0, 1.0, 0.0, 0.0, 0.0, -0.883262046585619, 0.0, 0.0,1
1, 0.385, 0.4364010317801501, 0.412, 0.074, 0.265, 0.241, 0.233, 0.132, -0.08652936506237119, 0.253, 0.245, 0.37, 0.089, 0.23, -0.039, 0.37, 0.051, 0.249, 0.249, 0.097, 0.078, 0.3, -0.025, 0.285, -0.06, 0.263, -0.148, 0.148, -0.11040323020666909, 0.311, -0.191, 0.288,1
0, 0.0, 0.0, 0.0, 0.0, 0.0, 0.0, 0.0, 0.0, 0.0, 0.0, 0.0, 0.0, 0.0, 0.0, 0.0, 0.0, 0.0, 0.0, 0.0, 0.0, 0.0, 0.0, 0.0, 0.0, 1.0, -1.0, 0.9887196859318577, 0.0, 0.0, 0.0, 0.0, 0.0,1
1, 0.623, -0.035, 0.591, 0.005, 0.604, -0.075, 0.632, 0.01, 0.625, -0.075, 0.67, 0.072, 0.629, -0.084, 0.6042320434013921, 0.091, 0.671, 0.9670616793369553, 0.59, 0.101, 0.501, 0.8923750021244341, 0.659, 0.9377282699425071, 0.605, 0.02, 0.514, 0.045, 0.617, -0.09063953093500798, 0.614, -0.091,0
1, 0.744, 0.8820676984922187, -0.5206719761529639, 0.033, 0.722, 0.169, 0.792, 0.077, 0.814, 0.439, 0.638, 0.006, 0.708, 0.217, 1.0, 0.061, 0.61, 0.051, 0.675, -0.4336507817342996, 0.52, -0.25, 0.73, -0.158, 0.617, -0.00568367936780767, 0.309, 0.086, -0.8510757726270416, 0.075, 0.603, 0.217,0
1, 0.8900833143596731, 0.189, 0.782, 0.018, 0.775, 0.026, 0.651, -0.103, 0.775, 0.08, 0.74, 0.9042321913652662, 0.723, 0.058, 0.686, -0.089, 0.617, 0.163, 0.8629649527983192, 0.076, 0.639, 0.9006482413738612, 0.602, -0.072, 0.8358454224271339, 0.088, 0.551, 0.257, 0.534, 0.092, 0.506, 0.26858317741858384,0
1, 0.2260840132893258, 0.134, 0.87, 0.315, 0.789, 0.434, 0.634, 0.6, -0.7005933429348732, 0.71, 0.397, 0.762, 0.243, 0.795, 0.091, 0.2551559729630024, -0.092, 0.763, -0.202, 0.669, -0.303, 0.626, -0.406, 0.505, -0.462, 0.408, -0.503, 0.34526869639411295, -0.528, 0.192, -0.488, 0.06,0
1, 0.918, 0.182, 0.861, 0.355, 0.729, 0.457, 0.604, 0.699, 0.504, 0.749, 0.361, 0.818, 0.157, 0.836, 0.004, 0.852, 0.641267948234749, 0.779, -0.36, 0.762, -0.431, 0.654, -0.531, 0.539, -0.603, 0.41, -0.645, 0.273, -0.657, 0.137, -0.641, 0.054,0
1, 0.8216124614285334, -0.06032478601213653, 0.639, 0.381, 0.484, 0.525, 0.15, 0.18303781030304678, 0.138, 0.596, -0.077, 0.445, 0.0, 0.486, -0.275, 0.9800616870587835, -0.561, 0.368, -0.15317441736189052, 0.189, -0.405, 0.076, -0.385, -0.032, -0.339, -0.125, -0.275, -0.197, -0.2, -0.246, -0.119, 0.5880903433049307,0
1, 1.0, 0.114, 0.7, -0.121, 0.816, 0.097, 0.712, 0.011, 0.562, -0.078, 0.691, 0.125, 0.586, 0.04, 0.531, -0.034, 0.694, 0.169, 0.727, 0.072, 0.321, 0.059, -0.7050535692146638, 0.374, 0.491, 0.18, 0.152, 0.324, 0.441, 0.189, 0.5093659356956757, 0.152,0
1, 0.848, 0.068, 0.806, -0.023, 0.77, -0.033, 0.667, -0.066, 0.596, -0.077, 0.673, -0.058, 0.643, -0.064, 0.392, -0.4743270826233381, 0.713, 0.014, 0.56, -0.2977089810412631, -0.5171619713113556, -0.085, 0.47, -0.228, 0.487, -0.091, 0.526, -0.085, 0.443, -0.096, 0.422, -0.098,0
1, 0.501, -0.036, 0.611, 0.013, 0.589, 0.016, 0.589, 0.025, 0.667, -0.004, 0.717, -0.0630904447899876, 0.665, 0.009, 0.47911695192547454, 0.025, 0.647, -0.074, 0.569, 0.142, 0.575, -0.036, 0.465, 0.049, 0.29015181755883424, -0.4134661297810883, -0.22672507893916338, -0.036, 0.546, 0.106, 0.607, -0.081,0
1, 0.681, 0.104, 0.77, 0.035, 0.652, 0.081, 0.61, -0.005, 0.79, 0.119, 0.598, 0.049, 0.6120743955513637, 0.096, 0.783, -0.175, 0.738, -0.109, 0.486, 0.01, 0.09997817014809196, 0.081, -0.5518626648820617, -0.128, 0.638, -0.025, 0.765, 0.022, 0.612, -0.072, 0.514, -0.047,0
1, 0.898, 0.352, 0.673, 0.622, 0.439, 0.944, -0.036, 0.06141110720611431, 0.07571214043435459, 0.753, -0.251, 0.488, -0.574, 0.284, -0.668, 0.106, 0.9760566167477651, -0.062, -0.811, -0.06, -0.332, -0.476, -0.129, -0.536, 0.072, -0.519, 0.243, -0.435, 0.366, -0.301, 0.428, 0.133,0
1, 0.473, 0.195, 0.062, 0.3477111941547393, 0.623, -0.5075153646775324, 0.456, -0.044, 0.565, 0.018, -0.4826301293174341, -0.02515554731366121, 0.716, -0.038, 0.556, 0.124, 0.414, 0.8050573896162811, -0.35980127690355324, 0.028, 0.512, -0.107, 0.479, -0.024, 0.465, 0.033, 0.536, 0.251, 0.32, -0.145, 0.346, -0.003,0
1, 0.882, 0.306, 0.732, 0.578, 0.9015108220981227, 0.585, 0.057, 0.06695281645910645, -0.092, 0.921, 0.45992158107923387, 0.72, -0.698, -0.1899231875291847, -0.814, 0.412, -1.0, -0.008, -0.7917958856075527, 0.23788294970008605, -0.769, -0.455, -0.572, -0.676, -0.316, -0.819, -0.03, -0.868, 0.254, -0.821, 0.002, -0.817,0
1, 0.834, 0.315, 0.655, -0.5915263233686625, 0.35, 0.707, -0.3208082936054115, 0.789, -0.19, 0.799, -0.417, 0.665, 0.41257085032122465, 0.477, -0.747, 0.195, -0.722, -0.049, -0.07317220910293332, -0.282, -0.492, -0.535, -0.266, -0.66, -0.015, -0.697, 0.227, -0.644, 0.431, -0.512, 0.647, -0.301,0
1, 0.333, -0.25, 0.444, 0.222, 0.389, 0.167, 0.417, 0.139, 0.5, -0.111, 0.549, -0.084, 0.14240661010667832, 0.333, 0.556, 0.028, 0.25, -0.194, 0.472, -0.056, 0.528, -0.028, 0.389, 0.083, 0.415, -0.143, 0.194, -0.139, 0.369, -0.148, 0.083, -0.5,0
1, 0.881, 0.352, 0.684, 0.651, 0.8320778943207296, 0.798, 0.058, 0.908, -0.298, 0.865, -0.626, 0.696, -0.771, 0.393, -0.858, 0.084, -0.816, -0.24, -0.646, -0.5, -0.398, -0.683, -0.111, -0.755, 0.17, -0.715, 0.407, -0.576, 0.566, -0.368, 0.628, -0.133,0
1, 0.748, -0.2644609481246353, 0.833, 0.017, 0.826, 0.9000680972589339, 0.866, 0.017, 0.605, 0.059, 0.791, 0.047, 0.774, 0.054, 0.647, 0.193, 0.84, 0.042, 0.713, 0.071, 0.689, 0.076, 0.664, 0.084, 0.637, 0.083, -0.0021060600416050734, 0.017, 0.582, 0.088, 0.553, 0.089,0
1, 0.895, -0.032, 0.875, 0.055, 0.895, 0.014, 0.929, 0.028, 0.913, 0.6364413890141158, 0.941, -0.016, 0.919, 0.034, 0.937, 0.0, 0.943, 0.014, 0.905, 0.008, 0.887, -0.018, 0.893, 0.27219219442275167, 0.3661700820937217, 0.016, 0.881, 0.002, 0.873, 0.042, 0.867, 0.024,0
1, 0.394, -0.242, 0.627, 0.013, 0.455, 0.091, 0.636, 0.091, 0.212, 0.7515362272391879, 0.576, 0.152, 0.394, 0.0, -0.3502260440378976, -0.8008275501897623, 0.515, -0.22586737555122638, 0.788, 0.182, 0.303, 0.7426241975609735, 0.485, 0.059, 0.464, -0.7144868284730443, 0.333, -0.03, 0.419, 0.064, 0.394, 0.242,0
1, 0.905, 0.411, 0.654, 0.748, 0.299, 0.959, -0.133, 0.978, -0.522, 0.833, -0.797, -0.35313592649836467, -0.966, 0.2845185653503328, -0.93, -0.256, -0.719, -0.594, -0.415, -0.852, 0.5749802201928058, -0.938, 0.363, -0.854, 0.675, -0.62, 0.86, -0.281, 0.887, 0.098, 0.755, 0.463,0
1, 1.0, 0.515, 0.455, 0.333, 0.061, 0.364, -0.321, 0.731, -0.4643604297806416, 0.485, -0.576, 0.0, -0.7442109202370539, -0.121, -0.333, -0.485, -0.091, -0.848, 0.485, -0.576, 0.576, -0.424, 1.0, -0.673678996431101, 0.73, 0.123, 0.6822158227866086, 0.576, 0.242, 0.364, 0.091, 0.333,0
1, 0.876, 0.9034009831732608, 0.9, 0.003, 0.892, 0.005, 0.863, 0.0, 0.95, 0.075, 0.87, 0.01, 0.863, 0.9963107374488169, -0.4651579324773415, -0.062, 0.857, 0.025, 0.842, 0.016, 0.835, 0.017, -0.5416752778789204, -0.08360155324535479, 0.821, 0.02, 0.82, 0.087, 0.808, 0.023, 0.801, 0.024,0
1, 0.76, 0.011, 0.863, 0.003, 0.858, 0.004, 0.8, 0.023, 0.815, 0.121, 0.831, 0.007, 0.818, 0.009, 0.828, -0.07, 0.765, 0.039, 0.77, 0.011, 0.751, 0.012, 0.771, -0.003, 0.709, 0.014, 0.662, 0.008, 0.663, -0.583204825311714, 0.639, 0.015,0
1, 0.835, 0.083, 0.737, -0.147, 0.711237044937731, -0.056, 0.904, 0.9202002617344727, 0.894, 0.131, 0.812, 0.067, 0.793, -0.089, 1.0, -0.021, 0.966, 0.066, 0.876, 0.012, 0.775, 0.066, -0.15280073395762606, -0.042, 0.835, 0.001, 1.0, 0.128, 0.867, -0.107, 0.905, -0.043,0
1, 0.951, 0.004, 0.952, -0.027, 0.934, -0.019, -0.020746343541132806, 0.016, 0.965, 0.033, 0.942, 0.073, 0.946, -0.013, 0.972, 0.001, 0.948, 0.06, 0.927, 0.084, 0.931, 0.101, 0.945, 0.014, 0.935, 0.049, 0.932, 0.082, 0.941, -0.0, 0.915, 0.047,0
1, 0.947, -0.0, 0.932, -0.032, 0.2017685685310906, -0.034, 0.956, -0.21612728461998687, 0.941, 0.018, 0.926, 0.047, 0.94, -0.015, 0.948, 0.02, 0.938, 0.014, 0.914, 0.077, 0.895, 0.061, 0.94, 0.032, 0.925, 0.025, 0.921, 0.022, 0.925, 0.004, 0.927, -0.006,0
1, 0.906, -0.017, 0.981, -0.02, 0.957, -0.036, 0.857, 0.001, 0.897, -0.033, 0.891, -0.014, 0.906, -0.045, 0.914, -0.009, 0.808, -0.129, -0.01760484767556303, 0.012, 0.922, -0.023, 0.91, -0.021, 0.891, -0.078, 0.83, -0.172, 0.96, -0.038, 0.874, -0.162,0
1, 1.0, 0.455, 1.0, -0.455, 1.0, 0.091, 1.0, -0.091, 1.0, 0.0, 1.0, -0.273, 1.0, -0.182, 1.0, 0.091, 1.0, 0.0, 1.0, -0.364, 1.0, 0.091, 1.0, -0.091, 1.0, -0.049, 1.0, 0.455, 1.0, -0.273, 1.0, -0.182,0
1, 0.621, -0.636, 0.0, 0.0, 0.0, 0.0, 0.345, 0.288, 0.428, 0.7485271416950336, -0.076, 0.519, 0.364, 0.314, -0.5499123738962022, 0.33, 0.121, -0.8287104060474575, 0.019, -0.534, -0.576, 0.178, 0.292, -0.273, 0.258, -0.576, 0.432, 0.5825870417949248, 0.182, -0.4879760750308577, 0.17, -0.417,1
0, 0.6182461184491976, -0.144, 0.913, 0.6998595892684207, 0.966, -0.171, 0.986, 0.183, 0.918, 0.002, 0.936, -0.084, 0.913, -0.002, 0.868, -0.087, 0.97, -0.212, 1.0, 0.06514973683868286, 0.92, -0.45153502082720753, 0.925, 0.068, 0.94, -0.093, 0.97, -0.201, 0.854, -0.087, 0.966, -0.219,0
1, 1.0, 0.067, 1.0, -0.184, 1.0, -0.273, 1.0, -0.431, 1.0, -0.413, 0.962, -0.519, 0.907, -0.59, 0.892, 0.10030560453895143, 0.699, -0.71, 0.706, -0.763, 0.631, -0.805, 0.559, -0.891, 0.472, -0.865, 0.403, -0.837, 0.31, -0.891, 0.23, -0.29343753617569746,0
1, 0.671, 0.025, -0.44721876910124414, 0.05, 0.572, 0.188, 0.088, 0.341, 0.636, 0.121, 0.621, 0.143, 0.786, 0.11, 0.584, 0.182, 0.144, 0.412, 0.539, 0.213, 0.514, 0.226, 0.488, 0.8969987192882687, 0.462, 0.246, 0.434, 0.253, -0.20529995886732355, 0.258, 1.0, 0.33,0
1, 0.713, -0.026, -0.039489229451746044, -0.231, 0.98, -0.095, 0.997, -0.102, 1.0, -0.11, 0.59, 1.0, 0.837, -1.0, 0.823, -0.179, 0.808, -0.283, -0.259, 0.927, 0.519, 0.055, 0.655, -0.204, 0.931, -0.413, 0.638, -0.219, 0.861, -0.874, -0.232, -1.0,1
0, 1.0, 0.7531047905220429, 0.997, 0.049, 0.975, 0.071, 0.617, -1.0, 0.91, 0.111, 0.885, 0.536, 0.821, 0.5779963926360934, 0.769, 0.152, 1.0, -0.13863026377247423, 0.7540473741837888, 0.164, 0.601, 0.165, 0.544, 0.164, 0.489, 0.16, 0.435, 0.154, 0.384, 0.147, 1.0, 1.0,1
1, -1.0, -1.0, 1.0, 1.0, 1.0, -0.144, 0.0, 0.0, -1.0, 1.0, 1.0, 1.0, 0.179, -1.0, -1.0, -1.0, 0.088, -1.0, 1.0, -1.0, -1.0, 1.0, -1.0, -1.0, 1.0, -1.0, -1.0, -1.0, 1.0, 0.8095778179842927, 0.0, 0.0,1
1, 1.0, -0.037, 1.0, -0.074, 0.996, 0.5166510789461087, 0.998, -0.099, 0.989, -0.138, 0.967, -0.217, 0.953, -0.251, 0.912, -0.344, 0.906, -0.322, 0.9, -0.347, 0.879, 0.012934409317778117, 0.862, -0.43, 0.832, -0.431, 0.814, -0.426, 0.779, -0.48, 0.751, 0.37373361954785267,0
1, 0.946, -0.027, -1.0, 0.261, -0.364, 0.356, 0.693, -0.634, 1.0, -0.034, -0.29, -0.006, -0.549, 0.155, -0.7027830783517061, -0.463, 1.0, -0.504, -0.297, -0.315, -0.739, 0.374, 0.839, -0.467, -0.6690997382786823, -0.581, 1.0, -0.614, -0.096, 0.205, -0.061, 0.419,1
1, -0.4690390134856661, 0.058, 0.945, 0.6336782187301848, 1.0, 0.132, 1.0, 0.04745744798506091, 0.948, 0.07, 0.957, 0.146, 0.949, 0.112, 0.909, 0.201, 0.967, 0.163, 0.997, 0.143, 0.908, 0.164, 0.917, 0.224, 0.884, 0.236, 0.886, 0.225, 0.783, 0.296, 0.836, 0.312,0
1, 0.638, -0.4254988514411959, -0.8128583780054139, -1.0, 1.0, 1.0, 0.877, 0.309, -0.669, 1.0, -0.6210853107322671, 0.853381789720939, 0.018, 0.05, 0.49838136497381647, -0.8094895984533917, 0.143, -0.033, 0.327, -0.439, -1.0, 1.0, 0.809, -1.0, 1.0, -0.18099258774448945, 1.0, 1.0, 0.206, -1.0, 1.0, 1.0,1
0, 1.0, -1.0, 1.0, -1.0, 1.0, -1.0, 1.0, -1.0, 1.0, 1.0, 0.9526738803723533, 1.0, 1.0, -1.0, 1.0, 1.0, 1.0, 1.0, 1.0, 1.0, 1.0, -1.0, 1.0, -1.0, 1.0, -1.0, 1.0, 0.656, 0.0, 0.0, 1.0, -1.0,1
1, -0.32771493478857794, 0.678, 0.813, 0.82, 0.43, 1.0, -0.610378442707094, -0.6075866724382124, -0.439, 1.0, -0.791, 0.33727124830178723, -1.0, 0.403, -0.39, -0.5608036153858535, -0.979, -0.428, -0.731, -0.763, -0.377, -0.975, 0.414, -1.0, 0.418, -0.933, 0.258, -1.0, 0.936, -0.352, 0.988, 0.034,0
1, 1.0, 0.035, 1.0, 0.183, 1.0, 0.27, 1.0, 0.251, 1.0, 0.288, 1.0, 0.386, 1.0, 0.317, 1.0, 0.657, 1.0, 0.538, 1.0, 0.613, -0.5569280613113493, 0.595, 0.896, 0.683, 0.895, 0.714, 0.856, 0.671, 0.744, 0.856, 0.715, 0.758,0
1, 0.694, 0.389, 0.0, 0.0, -0.329, 0.698, 0.0, 0.0, 0.0, -0.0518370152106129, 0.0, 0.0, 0.206, -0.242, 0.21, 0.194, 0.464, 0.782, 0.0, -0.817892402368107, 0.0, 0.0, 0.734, 0.274, 0.42587333298890706, -0.25830573897303677, 0.0, 0.0, 0.0, 0.0, 0.0, 0.0,1
0, 1.0, 1.0, 1.0, -1.0, 1.0, 1.0, 1.0, 1.0, 1.0, 0.5238131651477453, 1.0, 1.0, 1.0, 1.0, 1.0, -1.0, -1.0, 1.0, -1.0, -0.8320159222539552, -1.0, 1.0, 1.0, -1.0, 1.0, 1.0, -1.0, 1.0, -1.0, -1.0, -1.0, 1.0,1
1, 0.576, -0.016, 0.404, 0.0, 0.384, 0.129, 0.4, -0.059, 0.050705936516333816, 0.141, 0.467, 0.082, 0.525, -0.055, 0.58, 0.016, 0.502, 0.0, -0.5013666906164416, 0.067, 0.58, 0.082, 0.498, 0.004, 0.486, 0.1, 0.463, 0.082, 0.451, -0.8003315529321161, 0.431, 0.173,0
1, 0.419, 0.125, 0.35, 0.125, 0.232, -0.5617325109340559, -0.036, 0.443, 0.045, 0.362, -0.191, 0.336, 0.5635899951596721, 0.273, 0.027, 0.405, -0.348, 0.127, -0.2, 0.051, -0.186, 0.364, -0.14, -0.048, -0.1, -0.071, -0.608403976449837, -0.33944910609616175, -0.029, -0.075, -0.005, -0.063,1
1, 0.101, 0.108, 0.0, 0.0, 0.0, 0.0, 0.547, 0.824, 0.311, 0.14366344109728546, 0.0, 0.0, 0.0, 0.0, 0.372, -0.14353308760177652, 0.331, -1.0, 0.0, -0.4259144750949727, 0.0, 0.0, -0.426, -1.0, 1.0, -1.0, 0.554, -0.236, 0.0, 0.0, 0.0, 0.0,1
1, 0.393, 0.524, -0.788, 0.113, -0.166, -0.764, 0.667, 0.012, 0.821, 0.405, -0.672, 0.307, -0.348, -0.637, 0.464, 0.155, 0.548, 0.06, -0.4446454298320798, 0.45, -0.477, -0.476, 0.321, 0.702, 0.52, 0.388, 0.571, 0.393, -0.549, -0.9921428244542663, 0.254, -0.558,1
1, 1.0, -0.925, 0.3006633928280005, 0.755, 0.491, -0.057, 0.623, 0.4834834703904305, 1.0, -0.001, 0.453, 0.075, 0.623, -0.057, -0.7388939489002558, -0.001, 0.528, 0.0, 0.08523388232226337, 0.075, 0.0536236066961715, -0.001, 1.0, 0.792, 0.922, -0.8258005864512642, 0.943, -1.0, 1.0, 0.434, 0.434, -0.7372977136953962,0
1, 0.7163921435634588, 0.042, 0.583, -0.104, 0.396, 0.0, 0.333, -0.062, 0.479, 0.0, 0.292, 0.6088309473378657, 0.542, 0.021, 0.438, -0.229, 0.354, -0.229, 0.333, 0.595446808169467, 0.25, 0.188, 0.396, -0.188, 0.44, -0.101, 0.417, -0.083, 0.583, -0.312, 0.333, -0.062,0
1, 1.0, 1.0, 0.0, 0.0, 0.0, 0.0, 0.0, 0.0, 0.477, -0.891, -0.515, 0.455, -0.955, 0.286, 0.647, 1.0, 0.0, 0.0, 0.0, 0.0, 0.62, 0.203, -1.0, -1.0, 1.0, -1.0, 1.0, 1.0, 0.0, 0.0, 0.0, 0.0,1
1, 0.267, -0.1, 0.533, 0.0, 0.333, -0.7050627366884292, 0.367, 0.117, 0.567, -0.7785402112124814, 0.717, -0.029825514422223365, 0.7, -0.067, 0.533, 0.2, 0.3970422282342432, 0.5076608675317049, 0.317, 0.2, 0.7, 0.0, 0.25, 0.133, 0.462, 0.054, 0.4, 0.033, 0.467, 0.033, 0.12329684875982272, -0.05,0
1, 0.25, 0.167, 0.467, 0.267, 0.19, 0.24, 0.078, 0.199, 0.011, 0.149, -0.024, 0.102, 0.152942467283677, 0.063, -0.038, 0.035, -0.34811305146387617, 0.10750653294555534, -0.025, 0.004, -0.017, -0.003, -0.011, -0.005, -0.006, -0.006, -0.003, -0.005, -0.001, -0.0923679101030268, 0.0, -0.003,0
1, 0.947, -0.20943153677727833, 0.726, 0.672, 0.476, 0.825, 0.013, 0.891, -0.249, 0.845, -0.476, 0.561, -0.06322046440635354, 0.417, -0.665, 0.072, -0.654, -0.195, -0.525, -0.44, -0.309, -0.551, -0.041, -0.648, 0.161, -0.564, -0.7805663030083678, -0.419, 0.461, -0.225, 0.504, -0.06,0
1, 1.0, 1.0, 1.0, 0.512, 0.625, -1.0, 1.0, 1.0, 0.025, 0.031, 1.0, 1.0, 0.0, 0.0, 1.0, -0.6721008018758383, 1.0, 1.0, 1.0, 1.0, 0.312, 1.0, 0.5597561452444075, 1.0, 1.0, 1.0, 1.0, 1.0, -0.944, 1.0, -0.1441975466777099, 0.45450556312094115,1
1, 0.186, -0.167, 0.0, 0.0, 0.0, 0.0, 0.0, 0.0, 0.0, 0.0, 0.115, -0.191, 0.0, 0.0, 0.0, -0.370832938554425, 0.0, 0.0, 0.0, 0.003885454266305377, 0.8879876993335756, -0.066, 0.079, 0.09, 0.8630667212100389, -0.109, -0.40508691161058075, 0.096, 0.026, -0.048, 0.168, 0.196,1
1, 1.0, 1.0, -1.0, 0.8605955764326723, -1.0, -0.825, 0.346, 0.211, 0.461, 0.07, 0.228, 0.057, 0.351, 0.346, 0.728, -0.039, 0.228, 0.531, 0.0, 0.0, -0.298, -0.162, 1.0, -0.667, 1.0, -1.0, 1.0, -0.246, 0.351, 0.202, 0.829, 0.079,1
1, 1.0, 0.241, 0.998, 0.004, 0.802, -0.301, 0.899, -0.235, 0.706, -0.241, 0.739, -0.305, 0.715, -0.361, 0.472, -0.612, 0.405, -0.551, 0.61, -0.393, -0.7788338725871485, -0.327, 0.24, -0.9430932211557155, 0.292, -0.484, 0.128, -0.391, 0.157, -0.513, 0.184, -0.466,0
1, 0.728889300890474, 0.435, 0.4538335561411999, 0.762, 0.099, 0.935, -0.378, 0.882, -0.724, 0.612, -0.939, 0.194, -0.867, -0.255, -0.629, -0.656, -0.251, -0.857, 0.162, -0.865, 0.515, -0.669, 0.749, -0.21051188586524494, 0.779, 0.079, 0.641, 0.428, 0.314, 0.624, -0.004, 0.694,0
1, 1.0, 0.068, 1.0, 0.142, 1.0, 0.221, 1.0, -0.125, 1.0, 0.395, 1.0, 0.49, 1.0, 0.59, -0.1615017254747222, 1.0, 1.0, 0.0, 1.0, 0.92, 1.0, 1.0, 0.3036658012549547, 1.0, 1.0, 1.0, 1.0, 0.25, 1.0, 1.0, 1.0, 1.0,0
1, -1.0, -1.0, 0.0, 0.0, 0.0, 0.0, 0.0, 0.0, -0.9639178533023032, 0.0, 0.0, 0.0, 1.0, -1.0, 0.0, 0.0, -1.0, -1.0, 0.0, 0.0, 1.0, 1.0, 1.0, -1.0, 1.0, -1.0, 0.0, 0.0, 0.0, 0.0, 0.0, 0.0,1
0, 0.0, 0.0, 0.0, 0.0, 0.0, 0.0, 0.9293979522607749, 0.0, 0.1302592356526897, 0.0, 1.0, 1.0, 1.0, 1.0, 0.5599637775588697, -1.0, 0.0, 0.0, 1.0, 1.0, -0.061282021706291046, -1.0, 1.0, 1.0, 1.0, 0.0, 1.0, 1.0, 1.0, -1.0, 0.0, 0.0,1
1, 0.0, 0.0, 0.0, 0.0, 0.0, 0.0, -0.85, -1.0, 0.0, 0.0, 1.0, -1.0, 0.0, -0.47813798055940726, -1.0, -1.0, -1.0, -1.0, 1.0, -1.0, -0.6, -1.0, 0.9011962390274733, 1.0, -1.0, 0.8495167707674012, 1.0, -1.0, 0.0, 1.0, 0.9760471926946304, 0.0,1
1, 1.0, 0.455, 1.0, 0.17017439733496276, 0.8968096207587071, 0.9367696675324741, 1.0, 0.9916009907591159, 1.0, 0.0, 0.818, -0.455, 0.636, 0.273, 1.0, -0.636, 1.0, -0.273, 0.909, -0.14360018008006736, 1.0, 0.078, 1.0, -0.091, 1.0, 0.089, 1.0, 0.46348979311610794, 0.1709591409123874, 0.636, 0.727, 0.273,0
1, -1.0, -0.597, 0.0, 0.0, -0.24836029001706283, 0.645, -0.871, 1.0, 0.5136832835883096, 0.0, 0.17851092414430125, 0.0, 0.0, 0.0, 0.0, 0.0, 0.0, 0.0, -1.0, -1.0, -0.879948639748606, 0.0, -0.7400354877440342, 0.234, 1.0, 0.516, 0.0, 0.13908526467603743, 0.0, 0.0, 0.0, 0.0,1
0, 1.0, -1.0, 1.0, 1.0, 1.0, -1.0, 1.0, 1.0, 1.0, -1.0, 1.0, -1.0, 1.0, -1.0, 1.0, 1.0, 1.0, 1.0, 1.0, 1.0, 1.0, -1.0, 1.0, 1.0, 1.0, 1.0, 1.0, 1.0, -0.24937599833341684, 1.0, 1.0, -1.0,1
1, 0.927, -0.3241591214491425, 0.893, 0.158, 0.861, 0.198, -0.29417627800586077, 0.365, 0.806, 0.402, 0.762, 0.4311573098951851, -0.3038670898656982, 0.484, 0.601, 0.518, 0.534, 0.522, 0.7011182619494196, 0.542, 0.425, 0.557, 0.333, 0.553, 0.27, 0.542, 0.223, -0.9827782125172154, 0.143, 0.491, 0.116, 0.466,0
1, 0.935, 0.136, 0.937, -0.17589825232883405, 0.857, 0.388, 0.79, 0.5559645391898147, 0.724, 0.599, 0.653, 0.75, 0.508, 0.736, -0.4748981458774997, 0.827, 0.255, 0.86, 0.137, 0.856, 0.005, -0.5928111694736432, -0.074, 0.798, -0.21, 0.78, -0.332, 0.715, -0.385, 0.644, -0.474, -0.9334669471563461,0
1, 0.806, 0.131, 0.731, 0.243, 0.646, 0.19, 0.369, 0.456, 0.448, 0.464, 0.25, 0.573, 0.252, 0.371, 0.152, -0.47208885556834024, -0.098, 0.575, -0.035, 0.429, -0.089, 0.444, -0.149, 0.4, -0.199, 0.35, -0.238, 0.295, -0.266, 0.239, -0.238, -0.4524992502882377,0
1, -0.6166263934263556, 0.155, 0.864, 0.298, 0.3014603753810423, 0.368, 0.706, 0.568, 0.574, 0.627, 0.433, 0.747, 0.317, 0.7929494226800626, 0.191, 0.768, 0.047, 0.762, -0.121, 0.77, -0.185, 0.713, 0.9265213822774871, 0.657, -0.388, 0.586, -0.468, 0.501, -0.531, 0.407, -0.562, 0.351,0
0, 0.9005942921854078, 0.0, 1.0, 1.0, -0.22653489122785042, 1.0, 0.0, 0.0, 0.0, 0.0, -1.0, -1.0, 0.43763744259198134, 0.0, -1.0, -1.0, 0.0, 0.0, 0.0, 0.0, 1.0, 1.0, 0.0, 0.0, 1.0, 1.0, 0.0, 0.0, 0.7060700956978998, 0.3780302585517126, 0.0, 0.0,1
1, 0.735, -0.383, 0.802, 0.103, 0.788, 0.153, -0.13754009901023, 0.053, 1.0, 0.212, 0.719, 0.29, 0.688, 0.329, 0.497, 0.173, 0.643, -0.028, 0.574, 0.425, 0.3484928829941183, 0.449, 0.945, 0.575, 0.442, 0.482, 0.125, 1.0, 0.351, 0.497, 0.306, -0.26059129490996513,0
1, 0.619, 0.108, 0.707, -0.069, 0.704, 0.26702304353635364, 0.743, 0.002, 0.71, 0.158, 0.716, -0.002, 0.798, 0.066, 0.837, -0.166, 0.687, -0.091, 0.625, -0.013, 0.61, 0.117, 0.713, -0.095, 0.698, -0.017, 0.633, 0.048, 0.789, -0.051, 0.652, -0.047,0
1, 0.0, 0.0, 1.0, 0.129, 0.884, -0.02, 0.0, 0.0, 1.0, 0.9117961022797498, 1.0, 0.196, 1.0, -0.053, 1.0, -0.816, 0.0, 0.0, 1.0, 0.9623936177143813, 1.0, -0.187, 0.0, 0.0, -0.4428231300420181, -0.4166048097928532, 0.0, 0.0, 1.0, 0.118, 0.907, -0.096,1
1, 0.882, 0.435, 0.596, 0.777, 0.197, 0.945, -0.241, 0.925, 0.6862584361076025, 0.713, -0.864, 0.337, -0.924, -0.053, -0.774, -0.447, -0.47, -0.733, -0.102, -0.822, 0.264, -0.4928482336673998, 0.56, -0.559, 0.721, -0.244, 0.725, -0.5871313772134323, 0.581, 0.389, 0.347, 0.577,0
1, 0.946, 0.175, 0.909, 0.331, 0.851, 0.5, 0.737, 0.638, 0.592, 0.738, 0.487, 0.836, 0.305, 0.437730672638335, 0.18, 0.934, -0.007, 0.6316831888704755, -0.189, 0.894, -0.33, 0.007002914558863926, -0.465, 0.765, -0.586, 0.663, -0.679, 0.526, -0.753, 0.425, -0.812, 0.261,0
1, 0.635, -0.044, 0.765, 0.03, 0.614, 0.36, 0.654, -0.005, 0.642, 0.083, 0.794, -0.434, 0.725, 0.55, 0.596, 0.139, 0.1617926408447774, 0.219, 0.633, -0.254, 0.71, 0.154, 0.647, 0.231, 0.688, 0.177, 0.617, 0.076, 0.663, 0.198, 0.691, 0.367,0
1, 0.715, -0.006, 0.667, -0.042, 0.631, -0.052, 0.34891472182909844, 0.081, 0.673, 0.097, 0.647, 0.159, 0.602, -0.019, 0.544, -0.045, 0.469, -0.1, 0.647, 0.149, 0.392, 0.217, 0.524, -0.055, 0.451, 0.0, 0.314, -0.068, 0.492, -0.107, 0.304, -0.052,0
1, 0.988, 0.022, 0.931, 0.341, -0.2908547239589633, 0.352, 0.747, -0.4052676519856946, 0.736, 0.519, 0.42557403757832346, 0.602, 0.431, -0.7654955461075286, 0.318, 0.704, 0.284, 0.689, 0.45391502777438486, 0.737, 0.063, 0.713, -0.165, 0.697, -0.36029852027080456, 0.605, -0.162, -0.23772916738822336, -0.347, 0.442, -0.335, 0.375,0
1, 0.997, -0.4667313772874725, 0.6165421688036392, 0.47, -0.3705751582445984, 0.624, 0.533, 0.781, 0.368, 0.883, 0.101, 0.833, -0.068, 0.893, -0.283, 0.721, -0.437, 0.617, -0.558, 0.481, -0.65, 0.355, -0.647, 0.159, -0.667, 0.3918605282418106, -0.649, -0.135, -0.546, -0.229, -0.472, -0.35,0
1, 0.94, 0.281, 0.805, 0.528, 0.582, 0.732, 0.35, 0.805, 0.108, 0.904, -0.2, 0.893, -0.397, 0.4871594844123255, -0.588, 0.629, -0.763, 0.404, -0.813, 0.189, -0.813, 0.8889041840771457, -0.753, -0.269, -0.632, -0.464, -0.464, -0.614, -0.264, -0.708, -0.089, -0.713,0
0, 0.291, 0.1, 0.233, 0.173, 0.038, 0.343, 0.22422685595793346, 0.263, 0.063, 0.213, -0.047, 0.128, -0.063, 0.079, -0.063, 0.041, -0.054, 0.014, 0.791137449860372, -0.003, -0.029, -0.012, -0.018, -0.015, 0.04533819599201405, -0.015, -0.003, -0.012, 0.4160126227457106, -0.009, 0.003, -0.006,0
1, 0.871, 0.043, 0.799, 0.183, 0.99, 0.293, 0.895, -0.083, 0.886, -0.02, 0.904, -0.267, 0.894, 0.2, 0.886, -0.046, 0.004249576247355336, -0.01, 0.979, -0.34, 0.79, -0.251, 0.867, 0.2947887767326991, 0.86, -0.029, 0.788, -0.041, 0.759, 0.218, -0.4485984597002618, 0.092,0
0, 0.878, -0.082, 0.834, 0.13712004691760993, 0.848, 0.041, 0.772, -0.022, 0.772, 0.7934865122180168, 0.823, -0.106, 0.679, -0.005, 0.88, -0.209, 0.834, 0.033, 0.864, -0.06, 0.973, -0.28, 0.6171635332557288, 0.7043998264019378, 0.837, -0.102, 0.7949953702732444, -0.033, 0.785, 0.9615193782284668, 0.791, -0.005,0
1, 0.881, 0.275, 0.721, 0.429, 0.616, 0.5615873796775908, 0.388, 0.905, 0.098, 0.961, -0.201, 0.892, -0.357, 0.775, -0.651, 0.622, -0.788, 0.455, -0.819, 0.191, -0.839, -0.081, -0.783, -0.264, -0.676, -0.455, -0.547, -0.609, -0.305, -0.667, -0.193, -0.756,0
1, 0.941, -0.3214687824532084, 0.942, 0.01, 0.95, -0.015, 0.959, -0.011, 0.946, -0.037, 0.972, -0.018, 0.971, -0.039, 0.955, -0.041, 0.8986709126966705, -0.047, 0.942, -0.022, 0.928, -0.044, 0.92, -0.045, 0.927, -0.058, 0.903, -0.075, 0.92, -0.072, 0.92, -0.074,0
1, 0.924, 0.369, 0.006938797656199647, 0.684, 0.293, 0.941, -0.111, 0.13623689560597696, -0.316, 0.925, -0.666, 0.788, 0.9940169434980528, 0.423, -0.943, 0.096, -1.0, 0.032, -0.664, -0.663, -0.46, -0.782, -0.135, -0.881, 0.198, -0.851, -0.7760844430364865, -0.702, 0.699, -0.46, 0.761, -0.132,0
1, 0.85, 0.018, 0.922, 0.015, 0.92, 0.022, 0.928, 0.08, 0.876, 0.114, 0.912, 0.043, 0.907, 0.4794782720225579, 0.873, 0.028, 0.959, -0.9114763815681162, 0.891, 0.07, 0.884, 0.077, 0.837, 0.109, 0.869, 0.09, 0.876, 0.088, 0.852, 0.101, 0.843, 0.107,0
1, 0.901, -0.07932148200443978, 1.0, -0.018, 0.901, 0.007, -0.5447801424993156, 0.057, 1.0, 0.035, 0.979, 0.011, 0.975, 0.035, 1.0, -0.032, -0.8733111493925823, -0.032, 0.862, 0.078, 1.0, 0.092, 0.901, 0.046, 0.943, 0.032, -0.6716283912937223, 0.025, 1.0, 0.011, 0.936, 0.021,0
1, 0.881, 0.0, 0.948, -0.027, 0.936, -0.012, 0.902, 0.018, 0.1748462485090938, 0.018, 0.939, 0.009, 0.957, 0.003, 1.0, 0.027, 0.942, -0.012, 0.909, 0.024, 0.915, 0.055, 0.997, 0.049, 0.897, 0.022, 0.909, 0.14247602483780963, 1.0, 0.055, 0.976, -0.012,0
1, 0.658, 0.436, 0.447, 0.748, 0.053, 0.851, -0.32, 0.821, -0.683, 0.524, -0.842, 0.071, -0.828, -0.287, -0.47, -0.717, -0.9969286108382346, -0.86, 0.233, -0.763, 0.567, -0.521, 0.743, -0.186, 0.748, 0.237, 0.452, 0.591, 0.205, 0.6775436191068831, -0.185, 0.744,0
1, 0.996, 0.065, 1.0, 0.30370707886845505, 0.978, 0.025, 0.961, 0.023, 0.993, 0.07501099330256955, 0.3314347563617479, 0.103, 0.942, 0.053, 0.888, 0.111, 0.861, 0.086, 0.816, 0.118, 0.837, 0.144, 0.813, -0.177926462417917, 0.795, 0.136, 0.791, 0.154, 0.771, 0.159, 0.8295160582823484, 0.12,0
1, 0.284, -0.318, 0.0, 0.0, 0.682, -1.0, 0.307, 0.958, 0.644, 0.064, 0.348, -0.848, 0.0, 0.0, 0.591, -0.36, 0.451, -0.807, 0.0, 0.0, 0.0, 0.0, -0.7370272934755839, 0.178, 1.0, -0.239, 0.061, -0.485, 0.163, -0.701, 0.0, 0.0,1
1, 0.904, -0.016, 1.0, -0.35746970105857345, 0.2602333927667311, 0.016, 0.93, 0.005, 0.936, -0.016, 1.0, 0.0, 1.0, 0.064, 1.0, 0.048, 0.914, -0.2047233062807292, 0.968, 0.021, 0.989, -0.016, 0.963, 0.053, -0.8824802031466924, 0.045, 0.877, 0.011, 1.0, 0.091, -0.33484511853541366, 0.064,0
0, 0.36174527075182294, 0.0, 0.0, 0.0, 0.0, 0.0, 0.0, 0.0, 0.0, 0.0, -1.0, -0.4210627627142386, 0.0, 0.0, 1.0, 0.75, 0.0, 0.0, 0.0, 0.0, -1.0, 0.7611007536205232, 0.0, 0.0, 1.0, -1.0, -1.0, -1.0, 0.4390542934273962, 1.0, 0.0, 0.0,1
0, -1.0, 1.0, 1.0, -1.0, 0.0, 0.0, 0.0, 0.0, 1.0, -1.0, 1.0, 1.0, 0.0, 0.0, 1.0, -1.0, 0.0, -0.2587406177210483, 0.0, 0.0, 1.0, 1.0, -1.0, 1.0, 1.0, -1.0, -1.0, 1.0, -1.0, -1.0, 0.0, 0.0,1
1, 0.575, -0.032, 0.752, -0.054, 0.615, -0.012, 0.54, 0.034, 0.617, 0.099, -0.5724703063192941, -0.024, 0.627, 0.012, 0.708, 0.026, 0.603, 0.016, 0.478, -0.028, 0.591, 0.038, 0.5, 0.04, 0.613, -0.012, 0.617, -0.135, 0.688, -0.014, 0.625, -0.032,0
1, 0.798, 0.094, 0.781, 0.207, 0.716, 0.281, 0.693, 0.413, 0.36405221777131125, 0.501, 0.579, 0.608, 0.7573381950513782, 0.584, 0.334, 0.679, 0.296, 0.635, 0.096, 0.681, 0.021, 0.722, -0.087, 0.632, -0.119, 0.607, 0.4662783717425256, 0.56, -0.255, 0.517, 0.7482183020907032, 0.425,0
1, 1.0, -0.013, 1.0, 0.016, 1.0, -0.002, 1.0, 0.063, 0.978, 0.045, 0.96, 0.029, 1.0, 0.065, 0.989, 0.034, 1.0, 0.036, 0.998, 0.094, 0.957, -0.2010391706603205, 1.0, 0.07795261570204803, 1.0, 0.446962565986198, 0.991, 0.085, 1.0, 0.101, 1.0, 0.101,0
1, 0.884, 0.367, 0.671, 0.674, 0.396, -0.26065866305973817, 0.024, 0.932, -0.351, 0.837, -0.3316717020542528, 0.9252054393117328, -0.787, 0.388, 0.6336748329069639, -0.006, -0.693, -0.33, -0.525, -0.539, -0.274, -0.681, 0.008, -0.698, 0.26, -0.607, 0.446, -0.434, 0.5220823151809355, -0.215, 0.563, 0.028,0
1, 0.995, -0.059, 0.8424038304580383, 0.023, 0.834, -0.377, 1.0, 0.038, 0.852, -0.178, 0.598, -0.449, 0.605, -0.382, 0.844, -0.385, -0.676993604208574, -0.322, -0.2535746086513564, 0.5767864593250644, 0.369, -0.474, 0.568, -0.512, 0.23613040224558923, -0.462, 0.213, -0.341, 0.423, -0.545, 0.186, -0.453,0
1, 0.3831328855322518, -0.8516358672295781, 0.93, 0.18903028573585456, -0.109, -0.936, 1.0, -0.045, 0.509, 0.8372856713452577, 0.344, -0.697, -0.517, -0.975, 0.7748330193047488, -0.622, 0.331, -1.0, -0.132, -0.453, -0.181, -0.357, -0.203, -0.266, -0.205, -0.184, -0.19, -0.116, -0.166, -0.063, 0.8745209602346926, -0.024,1
1, 0.32502989920904635, -0.072, 1.0, -0.143, 1.0, -0.213, 1.0, -0.362, 0.926, -0.436, 0.945, -0.407, 0.904, -0.464, 0.983, -0.353, 0.845, -0.66, 0.753, -0.606, 0.6701582213095758, -0.642, 0.851, -0.654, 0.576, -0.697, 0.254, -0.639, 0.451, -0.728, 0.389, -0.734,0
1, 1.0, -0.542, 1.0, -1.0, 1.0, -1.0, 1.0, 0.362, 1.0, -0.411, 1.0, 1.0, 1.0, -1.0, 1.0, -0.294, 1.0, -0.936, 1.0, 1.0, 0.6487737706975951, 1.0, -0.7639941023113193, -0.409, 1.0, -0.627, 1.0, -0.8665185304979138, 1.0, -1.0, 1.0, -1.0,1
1, 0.13641865577931012, -0.94, 1.0, 0.267, -0.035, -1.0, 1.0, -1.0, 0.437, -1.0, 0.0, 0.0, -1.0, -0.343, 0.3990897790992376, 0.036, 1.0, -1.0, 0.0, 0.0, 0.0, 0.0, -0.163, 0.922, 0.398, 0.8415968385156236, 0.0, 0.8740178509322036, 1.0, 0.232, 0.0, 0.0,1
0, -0.42486032364537485, 1.0, 0.0, 0.0, 0.0, 0.0, -1.0, 0.9097719699865607, 1.0, 1.0, 0.0, -0.15204204226658724, 0.0, 0.0, 1.0, -1.0, -1.0, 1.0, 1.0, 1.0, 0.0, 0.0, -1.0, -1.0, 1.0, -1.0, 1.0, 1.0, -1.0, 1.0, 0.0, 0.0,1
1, 1.0, -0.087, 1.0, -0.173, 0.866, -0.818, -0.6443005794762402, 0.611, 0.955, -0.414, 0.885, -0.317, 0.879, 0.738098406637576, 0.811, -0.37708456194426043, 0.122, -1.0, 0.903, 0.111, 0.624, -0.785, 0.554, -0.829, 0.481, -0.866, 0.406, -0.897, 0.33, -0.921, -0.133, -1.0,0
1, 1.0, -0.142, 1.0, 0.04962125677839424, 1.0, -0.237, 1.0, -0.075, 1.0, -0.9838897678963583, -0.38493198887094204, -0.262, 1.0, -0.22, 1.0, -0.386, 1.0, -0.462, 1.0, -0.355, 1.0, -0.597, 0.9834396024196035, -0.476, 0.988, -0.497, 1.0, -0.13763217375092962, 1.0, -0.758, 1.0, -0.844,0
1, 0.909, 0.088, 0.865, 0.169, -0.6890591228588157, 0.166, 0.552, 0.682, 0.702, 0.367, 0.163, -0.1207982034238051, 0.576, 0.461, 0.511, 0.496, 0.316, 0.13, 0.378, 0.545, 0.313, 0.558, 0.249, 0.565, 0.186, 0.566, 0.126, 0.561, 0.069, 0.551, 0.121, 0.677,0
1, 0.99, -0.058, 0.998, -0.13, 0.987, -0.194, 0.994, -0.258, 0.07533677459585864, -0.301, 0.927, -0.38, 0.898, -0.438, 0.849, -0.521, 0.874, 0.4813390345036377, 0.79, -0.598, 0.747, -0.646, 0.683, -0.685, 0.652, -0.732, 0.61, -0.754, -0.6989541798129105, -0.803, 0.492, -0.832,0
1, 0.0, 0.0, 1.0, 0.517, 0.0, 0.0, 0.11, -1.0, 0.0, 0.0, 0.0, 0.0, -1.0, -0.224, -0.557, -0.833, 0.769, 0.631, 0.0, 0.0, 0.534, 0.357, -0.903, 0.448, 1.0, -1.0, -1.0, 0.816, 0.0, 0.0, 0.0, 0.0,1
1, 1.0, 0.28, 1.0, 0.025, 1.0, 0.078, 1.0, 0.043, 0.988, 0.333, 1.0, 0.055, 0.6956297638117406, 0.044, 0.958, -0.246, 0.844, -0.087, 1.0, 0.042, -0.6496177584979724, 0.274, 1.0, -0.391, 0.964, -0.022, -0.9745156364456088, 0.234, 0.946, -0.22, 0.804, -0.073,0
0, 1.0, 1.0, 0.0, 0.0, 1.0, -1.0, 1.0, -1.0, 1.0, 1.0, 0.8690646425516029, 1.0, 1.0, -1.0, 1.0, 1.0, 1.0, 1.0, 1.0, -1.0, -1.0, -1.0, 1.0, -1.0, 1.0, -1.0, 1.0, 1.0, 0.0, 0.0, 1.0, -1.0,1
1, 1.0, 0.041, 1.0, 0.12, 1.0, 0.162, 1.0, 0.279, 0.987, 0.309, 0.927, 0.376, -0.7811091890980278, 0.397, 0.819, 0.461, 0.786, 0.47, 0.794, 0.563, 0.703, 0.581, 0.671, 0.597, 0.589, 0.61, 0.54, 0.609, 0.453, 0.636, -0.1673599190934002, 0.627,0
1, 0.392, -0.063, 0.975, 0.043, 1.0, 1.0, -0.46082147943340745, -0.081504415041186, 0.545, 0.131, 0.616, -0.821, 0.578, 0.679, 0.668, -0.104, 0.466, -0.8989099543306301, 0.656, 0.148, 0.832, 0.455, 0.47, 0.164, 0.493, 0.146, 0.325, 0.19765498470460408, 0.391, -0.9526694561244616, 0.344, 0.4077027615643345,1
1, 0.846, -0.086, -0.2593308145318485, 0.09385431723060411, -0.09, -0.564, 0.806, 0.08999837448121939, 0.895, -0.5711825768396217, -0.185, 0.64, -0.1754167301523073, -0.536622512512054, 0.857, -0.113, 0.78, -0.157, -0.07, 0.508, -0.341, 0.809, 0.789, -0.037, 0.709, 0.0803518409562185, 0.779, -0.141, -0.214, 0.7751721511071483, -0.185, -0.599,1
1, 0.5955448354584036, -0.248, 0.643, 0.043, 0.452, 0.383, 0.652, 0.183, 0.5, 0.27, -0.18931007552643075, -0.23, 0.504, 0.378, 0.387, -0.426, 0.361, -0.261, 0.27, 0.117, 0.532, -0.038, 0.313, -0.122, 0.499, -0.043, 0.483, -0.044, 0.643, -0.252, 0.504, 0.148,0
1, 0.292, 0.136, 0.453, 0.168, -0.7374496282398351, -0.005, 0.526, 0.209, 0.15711464433863642, -0.166, 0.474, -0.048, 0.555, 0.039, 0.817, -0.224, 0.424, -0.042, 0.35, 0.066, 0.282, -0.209, 0.517, -0.032, 0.504, -0.034, 0.346, 0.098, 0.708, -0.019, 0.396, -0.032,0
1, 0.901, 0.166, 0.793, 0.374, 0.73, 0.505, 0.598, 0.73, 0.443, 0.812, -0.1345022095214814, 0.875, 0.064, 0.85, -0.126, 0.874, -0.287, 0.796, -0.466, 0.659, -0.571, 0.538, -0.682, 0.4, -0.718, 0.258, -0.724, 0.112, -0.715, -0.055, -0.677, -0.199,0
1, 0.977, 0.19, 0.827, 0.463, 0.718, 0.587, 0.48, 0.843, 0.314, 0.926, 0.103, 0.939, -0.133, 0.843, -0.32, 0.916, -0.521, 0.795, -0.683, 0.495, -0.774, 0.335, -0.854, 0.178, 0.6045968578207765, -0.014, -0.824, -0.193, -0.673, -0.337, -0.599, -0.497,0
1, -1.0, -1.0, 0.0, -0.060708649703466455, 0.508, -0.785, 0.606, 0.329, -1.0, -0.414, 0.0, 0.0, 0.0, 0.0, 1.0, -0.267, 0.365, -0.635, 0.971, -1.0, -1.0, -1.0, 0.35930016202835846, -0.596, -1.0, -1.0, -1.0, -1.0, 1.0, -1.0, 0.0, 0.0,1
1, 1.0, -1.0, 0.0, 0.0, 0.779, -0.20610697874941564, 0.809, 0.551, -0.419, -0.949, 0.0, 0.0, 0.0, -0.21866149343984698, 0.721, -0.772, 0.735, -0.603, 0.0, 0.0, 0.184, -1.0, -1.0, -1.0, -1.0, -0.853221728897938, 1.0, -1.0, 1.0, -1.0, 0.0, 0.0,1
1, 0.957, -0.121, 0.633, -0.127, 0.964, -0.182, 0.97, 0.085, 0.8285541147525781, -0.011, 0.835, -0.247, 1.0, -0.314, 0.7599641936272299, -0.212, 0.987, -0.10268930138617038, 1.0, -0.30986148102904243, -0.344415665451534, -0.395, 1.0, -0.192, 0.888, -0.316, 0.814, -0.237, 0.891, -0.319, 0.695, -0.416,0
1, 0.863, 0.193, 0.809, 0.411, 0.672, 0.558, 0.546, 0.7, 0.367, 0.815, 0.196, 0.857, -0.041, 0.863, 0.9735319158000713, 0.758, -0.341, 0.657, -0.482, 0.561, -0.602, 0.7167361131209731, -0.592, 0.41137030986402423, -0.63, 0.088, -0.572, -0.078, -0.6240251859705954, -0.199, -0.429, -0.32,0
1, 0.869, -0.071, 1.0, -0.8347629312972452, 1.0, -0.069, 0.878, 0.002, 0.836, -0.064, 1.0, -0.073, 1.0, -0.2, 0.869, 0.053, -0.9177311216289483, -0.9849080783279864, 1.0, -0.115, 1.0, -0.187, -0.6107883103216971, 0.036, 1.0, -0.142, 0.822, -0.147, -0.2563104055021681, -0.156, 1.0, -0.891483759482271,0
1, 0.0, 0.0, -0.337, 0.854, 0.0, 0.0, 0.689, -1.0, 0.971, 0.314, -0.26, 0.3212962707787046, -0.302, 0.656, 0.942, 0.164, 0.0, 0.0, 0.0, 0.0, -0.18, -1.0, 0.0, 0.0, 1.0, -1.0, -0.027999871184118064, 0.0, 0.044, 0.619, 0.0, 0.0,1
1, 0.0, 0.0, 0.989, -0.227, 0.189, -0.054, -0.5108964735434616, 0.0, -0.9119516089353598, 0.073, 1.0, -0.038713229130654, 0.9992214147931016, 0.07, 1.0, -0.114, 0.0, 0.0, 1.0, -0.211, 1.0, -0.416, 0.0, 0.0, 0.1482618016070365, -0.176, 0.0, 0.0, 1.0, -0.23109877836683268, 0.6556440474595047, -0.157,1
1, 1.0, 0.23106984357141647, 1.0, -1.0, 0.0, 0.0, 0.0, 0.0, 1.0, 1.0, 0.6362867107699361, -1.0, 1.0, 1.0, 1.0, 0.7689495845159864, 0.0, -0.3524500013684039, 0.0, 0.0, 1.0, -0.278, 0.0, -0.4254003081995529, 1.0, -1.0, 1.0, 1.0, -0.016701714838087023, -1.0, 0.0, 0.0,1
1, 1.0, -0.055, -0.6170532432424494, -1.0, 0.5, -0.111, 0.361, -0.222, 1.0, -0.257, 0.167, -0.111, 1.0, -0.347, 1.0, -0.389, 1.0, -0.429, 0.0, -0.25, 1.0, -0.503, 1.0, -0.278, 1.0, -0.571, 1.0, -0.278, 1.0, -0.632, 1.0, -0.659,1
1, 0.039, 0.07370942250679002, 0.004, 0.0, 0.02, 0.5260002891360782, 0.021, -0.05, -0.048, -0.013, 0.014, -0.023, 0.4236395744196231, -0.033, -0.047, 0.13136067919697636, -0.017, 0.036, 0.021, 0.004, 0.051, -0.023, 0.051, 0.019, 0.04, 0.016, 0.02, 0.007, -0.026, -0.019, -0.014, 0.02,1
1, 0.943, 0.386, 0.483, 0.645, 0.216, 0.775, -0.559, 0.18090637288543077, -0.737, 0.42, -0.761, 0.0, -0.627, -0.311, -0.384, -0.622, 0.9416656754775126, -0.693, 0.499, -0.636, 0.715, -0.377, 0.739, -0.055, 0.601, 0.304, 0.455, 0.605, 0.027, 0.545, -0.216, 0.505,0
1, 1.0, -1.0, 1.0, 1.0, -1.0, 1.0, 1.0, -1.0, 1.0, -1.0, -1.0, -1.0, -1.0, 1.0, 1.0, 1.0, 0.8822022271068306, 1.0, -1.0, 1.0, 1.0, -1.0, 1.0, -1.0, 1.0, 1.0, 1.0, 1.0, -1.0, 1.0, -1.0, 1.0,1
1, 1.0, 0.549, 0.627, 1.0, 0.12687816683363118, 1.0, -0.49, 0.922, -0.824, 0.588, -1.0, 0.118, -0.961, -0.333, -0.647, -0.686, -0.235, -0.863, 0.9291013609452874, 0.5506101664040728, 0.745, -0.725, 0.922, -0.216, 0.929, 0.009852770485415219, 0.725, -0.464942552024718, 0.235, 0.902, -0.118, 0.902,0
1, 0.0, 0.0, -1.0, 0.16900918846228374, 1.0, 0.511, 0.08, -0.234, -1.0, -0.362, 0.128, -0.59, 1.0, -1.0, 0.0, 0.0, 0.83, -0.08, -0.25, -0.2835031555228641, 0.17, -0.707, 0.0, 0.0, 0.4882939577773897, -0.468, -0.223, -0.489, 0.745, 0.904, -0.676, 0.457,1
1, 0.922, -0.04487175798157039, 0.964, -0.177, 0.87, -0.226, -0.4484849580210831, -0.271, 0.793, -0.289, 0.703, -0.496, 0.633, -0.5, 0.373, -0.707, 0.271, -0.721, 0.405, -0.542, 0.335, -0.597, 0.148, -0.636, 0.093, -0.596, -0.072, -0.6871309675479147, -0.018, -0.541, -0.075, -0.479,0
0, -1.0, 1.0, -1.0, -1.0, 0.0, 0.0, -1.0, 1.0, 1.0, -1.0, -1.0, -1.0, -1.0, 1.0, 0.0, 0.0, -1.0, -1.0, -1.0, 1.0, 0.0, -0.17432153997344935, 1.0, -1.0, 1.0, 1.0, 1.0, -1.0, 1.0, 1.0, 0.0, -0.17905749547738992,1
1, 1.0, 0.051, 0.994, 0.101, -0.2776941757830079, 0.148, 0.955, -0.265, 0.66, 0.547, 0.804, 0.253, 0.738, 0.274, 0.668, 0.287, 0.3425053393800057, 0.293, 0.525, -0.7539957956769494, -0.9829042796005738, 0.6614258870625462, 0.39, 0.272, 0.329, 0.256, 0.274, 0.236, 0.224, 0.214, 0.181, 0.191,0
1, 0.937, -0.002, 0.608, 0.432, 0.923, -0.401, 0.931, 0.168, 0.962, 0.091, 0.997, 0.082, 0.916, 0.051, 0.846, -0.253, 0.874, -0.145, 0.849, 0.261, 0.751, -0.036, 0.845, -0.026, 0.873, -0.023, 0.985, 0.094, 0.783, -0.102, 0.858, -0.147,0
0, 0.912, 0.8382925036918121, 0.971, 0.176, 0.824, 0.088, 0.912, -0.029, 0.971, -0.176, -0.3719429064942391, 0.147, 0.941, 0.029, 1.0, 0.0, 1.0, 0.0, -0.6909147444392821, 0.118, 0.882, -0.3220111116119686, 0.4824846571969066, 0.029, 0.927, 0.026, 0.941, -0.118, 0.971, 0.059, 0.912, 0.059,0
0, -1.0, -1.0, 1.0, -1.0, -1.0, 1.0, 0.0, 0.0, 1.0, -1.0, 1.0, -1.0, 0.0, 0.0, 0.0, 0.6904210792133634, 0.0, 0.0, -1.0, 1.0, 1.0, -1.0, -1.0, 1.0, 0.4733205147723949, 1.0, 0.0, 0.0, 1.0, 0.5, 0.0, -0.2842475411678309,1
0, 1.0, 1.0, 1.0, -1.0, 1.0, 1.0, 1.0, 1.0, 1.0, 1.0, 1.0, -1.0, 1.0, 1.0, 1.0, -1.0, 1.0, -1.0, 1.0, 1.0, 1.0, 1.0, 1.0, -1.0, 1.0, 1.0, 1.0, 1.0, 1.0, 0.8228012905043554, 1.0, 1.0,1
0, 1.0, -1.0, -0.7529208398780136, 1.0, -1.0, 1.0, -0.0783825169965584, 1.0, 1.0, 1.0, -1.0, -1.0, -1.0, -1.0, 1.0, 1.0, 1.0, -1.0, -0.6611237045519808, -1.0, -1.0, -1.0, 1.0, 0.0, 1.0, -1.0, 1.0, -1.0, -1.0, 1.0, -1.0, 1.0,1
0, 0.0, 0.0, 1.0, 1.0, 0.0, 0.0, 1.0, 1.0, 0.0, 0.0, 1.0, 0.04067760776744178, 0.0, 0.0, 0.0, 0.0, 0.0, 0.0, 0.0, 0.0, 0.0, 0.0, 0.0, 0.7716463347365257, 1.0, -1.0, 0.0, 0.0, -1.0, 1.0, 0.0, 0.0,1
1, 0.946, 0.009, 0.973, -0.003, 0.989, 0.004, 0.958, 0.016, 0.941, 0.035, 0.972, 0.047, 0.986, 0.019, 0.943, 0.071, 0.986, -0.007, 0.978, 0.05, 0.964, 0.071, 0.933, 0.081, 0.952, 0.044, 0.975, 0.008, 0.978, 0.071, 1.0, -0.003,0
1, 0.811, 0.037, 0.3494193706078035, 0.139171330057823, 0.79, 0.007, 0.796, -0.043, 0.876, 0.0, 0.856, -0.067, -0.5204725147971121, 0.003, 0.5450790327845791, 0.12064054634436983, 0.81, -0.119, 0.769, -0.084, 0.843, -0.05, 0.77, -0.069, 0.816, -0.087, 0.826, -0.104, 0.814, -0.05, 0.821, 0.5003867082997193,0
1, 1.0, 0.5, 1.0, 0.25, 0.25, 1.0, 0.169, 0.912, 0.7181956329658152, 0.805, -0.341, 0.3143115652059931, -0.438, 0.379, -0.437, 0.167, -0.367, 0.007, -0.265, -0.09, -0.9171036258146874, -0.13, -0.078, -0.127, -0.021, -0.102, 0.01, -0.07, 0.022, -0.041, 0.022, -0.02,0
0, 0.0, 0.0, 0.0, 0.0, 1.0, 1.0, -1.0, -1.0, 0.0, 0.0, 1.0, -0.111, 0.0, 0.0, 0.0, 0.0, -1.0, 1.0, 1.0, 1.0, 1.0, -1.0, 0.0, 0.0, 1.0, -1.0, 0.0, 0.0, -0.43495529224978646, 0.0, 1.0, 1.0,1
1, 0.87, 0.38, 0.641, 0.692, 0.313, 0.3888348837822757, -0.039, 0.907, -0.39614096549249744, 0.9029376012978465, -0.706, 0.516, -0.31015951961981125, 0.2836867382944763, -0.811, -0.008859500058195469, -0.675, -0.381, 0.03771566623768674, -0.629, -0.13, -0.708, 0.156, -0.664, 0.385, -0.516, 0.526, -0.299, 0.562, -0.059, -0.8930692602631332, 0.166,0
1, 0.5, 0.0, 0.387, 0.104, 0.491, 0.8661367720612643, 0.3515710689480349, -0.039, 0.357, -0.126, 0.457, 0.048, 0.504, 0.026, 0.6008207471111837, 0.196, 0.8420866322335989, 0.148, -9.390253110180824E-4, -0.026, 0.322, -0.113, 0.474, -0.009, 0.418, 0.069, 0.387, 0.039, 0.352, 0.148, 0.448, 0.174,0
1, 0.943, 0.2, 0.961, 0.408, 0.805, 0.566, 0.567, 0.708, 0.418, 0.832, 0.149, 0.895, 0.052, 0.937, -0.247, 0.839, -0.428, 0.756, -0.503, 0.626, -0.655, 0.504, -0.689, 0.309, -0.771, 0.156, -0.754, -0.044, -0.752, -0.179, -0.669, -0.344,0
1, 0.599, 0.147, 0.699, -0.139, 0.851, -0.139, 0.81, 0.024, 0.505, 0.028, 0.674, -0.045, 0.808, -0.137, 0.514, -0.245, -0.7230131080660533, -0.143, 0.702, -0.004, 0.333, -0.015217872572880653, 0.561, -0.331, 0.00900732376822444, -0.168, 0.527, -0.021, 0.539, -0.313, 0.674, -0.22,0
1, 0.468, 0.1581068712189111, 0.59, 0.007, 0.554, 0.069, 0.47255045163271725, -0.14, 0.53, 0.030157156528475948, 0.639, -0.162, 0.678, -0.033, 0.545, -0.135, 0.53, -0.047, 0.479, -0.195, 0.508, -0.5476506244269317, 0.415, -0.4794476440827008, 0.539, -0.115, 0.599, -0.029, 0.537, 0.9262197078033862, 0.563, -0.044,0
1, 0.929, 0.332, 0.762, 0.623, 0.493, 0.843, 0.216, 0.17414736402550424, -0.14, 0.962, -0.472, 0.836, -0.707, 0.655, -0.875, 0.368, -0.918, 0.056, -0.898, -0.7295798048678739, -0.74, -0.541, -0.508, -0.747, -0.223, -0.861, -0.001551548252243462, -0.4853609426611478, 0.36, -0.781, 0.594, -0.603,0
1, 0.838, 0.429, 0.721, 0.584, 0.456, 0.781, 0.165, 0.827, 0.8505279104808643, 0.869, -0.462, 0.785, -0.594, -0.32489266649933823, -0.785, 0.265, -0.84, 0.039, -0.62, -0.314, -0.474, -0.489, -0.373, -0.678, -0.051, -0.627, 0.147, -0.459, 0.371, -0.392, 0.483, -0.243,0
1, 1.0, 0.162, 1.0, -0.056, 1.0, 0.014, 1.0, -0.124, 1.0, -0.015, 1.0, -0.017, 1.0, -0.064, -0.17056492557063818, -0.072, 1.0, 0.059, 1.0, -0.101, 1.0, 0.9618420638055174, 1.0, -0.23, 1.0, -0.068, 1.0, 0.083, 1.0, -0.142, 1.0, -0.074,0
1, -0.19888849444661483, -0.002, 0.864, -0.132, 0.95, -0.005, 0.828, -0.512, 0.924, 0.104, 1.0, -0.142, 0.993, 0.26494354597873593, 0.959, -0.155, 0.84, 0.9186893678080965, 1.0, -0.163, 0.875, -0.085, -0.223003561893246, -0.017, 0.841, -0.018, 0.824, -0.019, 0.806, -0.02, 0.788, -0.02,0
1, 0.896, -0.5550434616289668, 0.661, 0.718, 0.295, 0.908, -0.048, 0.944, -0.457, 0.846, -0.777, 0.585, -0.928, 0.251, -0.923, -0.153, -0.761, -0.484, -0.509, -0.762, -0.149, -0.886, 0.216, -0.857, 0.532, -0.686, 0.748, -0.407, 0.831, -0.07, 0.769, 0.279,0
1, 1.0, 1.0, 0.367, 0.062, 0.13, 0.927, -0.276, 0.936, -0.315, 0.377, -0.872, 0.36818900549974964, -0.929, -0.089, -0.389, -0.8901097895321692, -0.466, 0.8220262103299671, -0.054, -0.936, 0.256, -0.204, 0.738, -0.46, 0.855, -0.068, -0.8271766164869016, 1.0, 0.387, 0.002, 0.178, 0.798,0
1, 0.826, 0.082, 0.791, -0.082, 0.904, -0.8772085397218374, 0.929, 0.011, 0.801, 0.089, 0.947, -0.007, 0.943, 0.0, 0.933, 0.202, 0.95, -0.007, -0.003864863189837142, 0.007, 0.805, 0.071, 0.911, 0.5159747161706851, 0.895, 0.082, 0.777, 0.067, 0.926, 0.181, 0.926, 0.0,0
0, 1.0, 0.011, 1.0, 0.011, -0.4356945295435597, 0.023, 0.994, -0.014, 0.994, -0.002, 0.983, 0.023, 1.0, 0.009, 0.976, 0.008, 0.979, 0.017, 0.98, 0.007, 0.12473512234276507, 0.021, 0.971, -0.007, 0.98, 0.016, 0.979, 0.015, 0.986, 0.021, 0.987, 0.028,0
1, 0.20794599857366314, 0.001, 1.0, 0.0, 0.99, -0.001, 0.947, 0.024, 0.977, 0.021, 0.979, 0.031, 0.992, 0.023, 0.939, 0.057, 0.936, 0.053, 0.977, 0.9267231761307277, 1.0, 0.062, 0.942, 0.081, 0.967, 0.073, 0.957, 0.081, 0.982, 0.081, 0.972, -0.3426279023621762,0
1, 0.823, -0.076, -0.5889827370617964, 0.002, 0.875, -0.012, 0.868, -0.075, 0.728, -0.117, 0.846, 0.05, 0.831, -0.074, 0.748, 0.067, 0.783, 0.064, 0.868, -0.024, 0.788, -0.06, -0.862221183688897, -0.024, 0.767, 0.862182615758428, 0.74, -0.076, 0.701, -0.042, 0.784, 0.012,0
1, 0.353, -0.138, 0.613027170676046, -0.024, 0.682, -0.036, 0.557, -0.061, 0.618, -0.105, 0.621, -0.065, 0.594, -0.073, 0.423, -0.264, 0.582, 0.05, 0.497, -0.088, 0.462, -0.09, 0.45, -0.006, -0.4243323904053151, -0.09, 0.356, -0.103, 0.322, 0.055974753353738915, 0.289, -0.083,0
1, 1.0, -0.034, 1.0, 0.005, 1.0, -0.121, 0.89, 0.012, 0.731, 0.053, -0.23545161756580968, 0.008, 0.546, 0.003, 0.838, -0.136, 0.755, -0.085, 0.709, -0.275, 0.434, -0.121, 0.575, -0.402, 0.59, -0.221, 0.431, -0.174, -0.7384877642007749, -0.242, 0.56, -0.382,0
1, -1.0, -1.0, 0.0, 0.0, -1.0, 1.0, 1.0, -0.375, 0.0, 0.0, 0.0, 0.0, 0.0, 0.0, 1.0, -1.0, -1.0, -1.0, 1.0, -1.0, 0.0, 0.0, 1.0, 0.37782979183314125, -1.0, 1.0, -0.9856462795253951, -1.0, 0.0, 0.0, -1.0, 1.0,1
1, -0.643, -1.0, 1.0, 0.829, -0.06813415397613642, -1.0, 1.0, -0.234, 1.0, 0.47765522670877525, 1.0, -0.377, 1.0, -1.0, 1.0, 0.138, 1.0, -1.0, 1.0, -0.034, -0.843, 1.0, 0.538, 0.857, 1.0, 1.0, 1.0, -1.0, 1.0, -1.0, 0.7558203441453679, -1.0,1
1, 1.0, 0.168, 0.994, 0.163, -0.5298262204811504, 0.333, 0.918, 0.07626998403022767, 0.914, 0.371, 0.842, 0.469, 0.81, 0.492, 0.785, 0.483, 0.651, 0.57, 0.566, 0.581, 0.556, 0.647, 0.483, 0.552, 0.433, 0.691, 0.357, 0.761, 0.339, 0.1531367136987709, 0.7673311111906849, 0.787,0
1, 0.961, 0.086, 0.968, 0.193, 0.96, 0.275, 0.98, 0.351, 0.929, 0.5417568677900724, 0.863, 0.525, 0.828, 0.38870735033152326, 0.732, 0.691, 0.69, 0.731, 0.545, 0.688, 0.483, 0.762, 0.406, 0.747, 0.334, 0.838, -0.5857147610713064, 0.861, 0.138, 0.868, 0.09, -0.555803208508483,0
1, 0.883, -0.22, 1.0, 0.364, 0.824, 0.596968300546745, 0.851, 0.00818971195448892, 0.906, -0.043, 0.852, 0.25, 0.779, 0.253, 0.692, 0.579, 0.71, 0.391, 0.732, 0.276, 1.0, 0.349, 0.568, 0.8319854908231612, 0.698, -0.9046957609021793, 0.809, 0.586, 0.43, 0.709, 0.524, 0.542,0
1, 0.512, 1.0, 1.0, 0.538, 0.712, 0.8296300377300079, 0.456, 0.464, 0.331, 1.0, 0.212, 1.0, -0.174, 1.0, -0.331, 0.987, -0.614, 1.0, -0.527, 0.717, -0.885, 0.479, -1.0, 0.352, -1.0, 0.8261661529136277, -0.35893334293713175, -0.167, 0.9417598429000378, -0.422, 0.8566157961861733, -0.656,0
1, 0.023, -0.006, -0.099, -0.119, -0.008, -0.118, 0.147, 0.066, 0.038, -0.063, 0.0, 0.0, -0.868020108404574, -0.155, -0.8775597158534358, -0.102, -0.116, -0.054, 0.018, 0.037, 0.015, 0.009, 0.035, -0.015, -0.032, 0.092, -0.079, 0.007, 0.0, 0.0, -0.0, 0.12,1
1, 0.976, -0.106, 0.946, -0.208, 0.928, 0.442763365209746, 0.86, -0.273, 0.798, -0.479, 0.782, -0.508, 0.746, -0.614, 0.579, -0.681, 0.379, -0.736, 0.363, -0.766, 0.319, -0.798, 0.228, -0.816, 0.137, -0.825, 0.046, -0.824, -0.043, -0.813, -0.138, -0.81,0
0, 0.0, 0.0, 0.0, 0.0, 1.0, -1.0, 0.0, 0.0, -1.0, -1.0, 0.0, 0.0, 0.0, 0.0, 1.0, 1.0, -1.0, -1.0, 0.0, 0.0, 0.0, 0.0, 1.0, 1.0, 1.0, 1.0, 0.8816847535506087, 0.0, 1.0, 1.0, 0.0, 0.0,1
1, 1.0, -0.867, -0.04114906700354748, 0.223, 0.855, -0.399, -0.3504688738264303, -0.121, 1.0, 0.351, 1.0, 0.078, 1.0, -0.148, 1.0, -1.0, 1.0, -0.14931564572018474, 0.618, 0.158, 1.0, 0.623, 1.0, -0.17, 1.0, 0.359, 1.0, -0.665, 1.0, 0.884, 1.0, -0.188,1
1, 0.42580812923279776, 0.074, 1.0, 0.034, 1.0, -0.056, 1.0, 0.088, 0.14423647642699922, 0.197, 1.0, 0.5383289483232259, 1.0, 0.128, 1.0, 0.106, 1.0, 0.8909239377572489, 1.0, 0.448, 1.0, 0.418, 1.0, 0.2, 1.0, 0.367, 0.956, 0.486, -0.4597529767685926, 0.325, 1.0, 0.467,0
0, 0.0, 0.0, -1.0, -1.0, 1.0, 1.0, -1.0, 1.0, -1.0, 1.0, 1.0, -1.0, 1.0, 1.0, -1.0, -1.0, -1.0, 1.0, 1.0, -1.0, -1.0, 1.0, -1.0, 1.0, 1.0, -1.0, -1.0, 1.0, -1.0, 0.43277039831335906, 1.0, -1.0,1
0, 1.0, -1.0, 0.0, 0.0, 0.0, 0.0, 1.0, -0.9589346507468575, 1.0, -0.7412620498196366, -0.719, 1.0, 0.0, 0.0, -1.0, 1.0, 1.0, 1.0, -1.0, 0.6014999578710412, 1.0, 0.562, -1.0, 1.0, 0.28596116865192567, 1.0, 1.0, 0.6381274353801569, 1.0, 1.0, 1.0, 1.0,1
1, 1.0, -0.006, 1.0, -0.098, 1.0, -0.076, 1.0, -0.106, 1.0, 0.8537816172125241, 1.0, -0.10706506089937529, 1.0, -0.156, 0.921, 0.5190657641550214, 0.865, -0.345, 0.917, -0.441, 0.961, -0.469, 0.819, -0.404, 0.827, -0.422, 0.758, -0.382, 0.804, -0.406, 0.744, -0.45,0
1, 1.0, -0.5634044947948783, 1.0, -0.7191202272007056, 1.0, -0.051, 1.0, -0.017, 0.1622546224767003, -0.117, 0.845, -0.052, 0.934, 0.967283171593976, 0.692, -0.074, 0.657, -0.204, 0.949, -0.316, 0.6501206899178495, 0.18343073203773952, 0.849, -0.348, 0.5130690227991597, -0.292, 0.731, -0.386, 0.8706754990552261, -0.4553138831293475, 0.642, -0.395,0
1, 1.0, -1.0, 1.0, 1.0, 1.0, -1.0, 1.0, -1.0, 1.0, -1.0, 1.0, -0.018, -0.9643047456546465, -1.0, 1.0, 1.0, 1.0, -0.856, 1.0, 1.0, 1.0, -1.0, 0.0, 0.0, 1.0, 1.0, 1.0, -0.791, -0.6657306197252428, 1.0, 1.0, 1.0,1
1, 0.882, -0.146, 0.934, -0.111, 0.921, -0.164, 0.883, -0.17, 0.885, -0.318, 0.853, -0.315, 0.821, -0.4430226486742084, 0.807, -0.4126838160242615, 0.752, -0.47, 0.706, -0.9653879729950307, 0.662, -0.501, 0.613, -0.481, 0.568, 0.5481873027859692, 0.502, -0.599, 0.471, -0.574, -0.14900660774414587, -0.581,0
1, 0.912, 0.043, 0.6832995949506993, 0.023, 0.947, 0.053, 0.936, 0.013, 0.919, 0.063, 0.928, 0.121, 0.35564364943551907, 0.062, -0.01844474324454659, 0.127, 0.837, 0.144, 0.81, 0.118, 0.77, 0.142, 0.758, 0.113, 0.736, 0.133, 0.664, 0.153, 0.709, 0.108, 0.653, 0.114,0
0, -0.22794506401474235, 1.0, 1.0, -1.0, 0.0, 0.8699321122537209, 0.0, 0.0, 1.0, 1.0, 1.0, 1.0, -1.0, -1.0, 1.0, -1.0, -1.0, 0.0174738660029774, 0.0, 0.0, 1.0, 0.781717136451443, -0.7730456184998726, -1.0, 1.0, 1.0, 0.5031812222449066, -1.0, 0.0, 0.0, 0.0, 0.0,1
1, 0.957, 0.081, 0.975, -0.057, 0.972, -0.085, 0.961, -0.066, 0.947, 0.013, -0.2556251024956874, -0.168, 0.946, -0.195, 0.996, -0.323, 0.903, -0.359, 0.914, -0.273, 0.901, -0.298, 0.999, -0.407, 0.872, -0.346, 0.921, -0.306, 0.84, -0.391, 0.822, 0.6099121835105847,0
1, 0.017, -0.7724210633366417, 0.0, 0.0, 0.0, 0.0, 0.0, 0.0, 0.0, 0.0, 0.0, 0.0, -0.06347942935849527, -0.55, 0.228, 0.828, 1.0, -0.423, 0.0, 0.0, 0.992367160039108, -1.0, -0.106, -0.167, 1.0, -0.767, -1.0, 0.189, 0.0, 0.0, 1.0, -0.273,1
1, 1.0, -0.415, 1.0, 0.761, 0.871, 0.186, 1.0, -0.099, 0.938, 0.48, 0.6449780835874794, -0.161, 1.0, 0.009, 0.976, -0.501, 0.8, -0.245, 0.881, -0.191, 1.0, -0.123, 0.936, 0.107, 0.929, -0.072, 1.0, -0.274, 0.44, 0.198, 0.514, -0.054,0
1, 1.0, 0.242, 1.0, 0.486, 1.0, 0.73, 0.033095539322377965, 1.0, 1.0, 1.0, 1.0, 1.0, 1.0, 0.771, 1.0, 1.0, 1.0, 1.0, 0.7053140363901187, 1.0, 0.896, 1.0, 0.646, 1.0, 0.383, 1.0, 0.108, 1.0, -0.174, -0.9552959557518587, -0.5967620978124352, 1.0,0
1, 0.923, 0.078, 0.927, 0.163, -0.7403817916615824, 0.246, 0.841, 0.352, 0.788, 0.422, 0.707, 0.47, 0.708, 0.565, 0.605, 0.642, 0.512, 0.649, 0.399, -0.17028811089002716, 0.342, 0.683, 0.237, 0.761, 0.188, 0.739, 0.097, 0.71, 0.027, 0.771, -0.04, -0.8496837848447458,0
1, 0.4707958254662332, -0.173, 0.823, 0.219, 0.466, 0.329, -0.02638346492927135, 0.583, 1.0, -0.152, 0.011, 0.445, 0.011, 0.389, -0.9609335148616074, 0.412, 0.25500950386165866, 0.04857488606324756, 0.043, 0.307, -0.001, 0.249, -0.029, 0.194, -0.043, 0.145, -0.048, 0.103, -0.046, 0.071, 0.5625052069226524, 0.046,1
1, 0.749, -0.028, 0.657, -0.052, 0.806, 0.028, 0.859, 0.025, -0.26225461421121254, 0.087, 0.716, 0.078, 0.731, 0.052, 0.786, 0.5094539084260943, 0.66, -0.015, 0.787, 0.07, 0.346, -0.186, 0.654, 0.028, 0.61, -0.066, 0.536, -0.212, 0.59, -0.141, 0.564, 0.03,0
1, 0.5609381304962882, -0.742045180812023, 0.77, -0.106, 0.774, 0.9677323340363178, 0.66, -0.045, 0.645, 0.011, 0.668, -0.14, 0.721, -0.023, -0.7148320413461962, 0.087, 0.619, -0.079, 0.758, -0.238, 0.74, -0.147, 0.849, -0.151, 0.739, -0.514568485206591, 0.668, 0.023, 0.864, 0.038, 0.732, 0.008,0
1, 0.727, -0.05, 0.892, -0.5193075597098348, 1.0, 0.727, 0.664, -0.059, 0.482, -0.168, -0.6143534834530096, 0.096, 0.568, 1.0, -0.6685004135753262, 0.218, 0.668, 0.1, 1.0, -0.3, 0.986, 0.409739035975593, 0.573, 0.327, 0.57, 0.147, 0.423, 0.082, 0.489, 0.146, 1.0, 1.0,1
1, -0.542, 0.149, -0.337, 0.734, 0.52, -0.139, 0.319, -0.068, 0.207, -0.152, 0.474, 0.09, 0.5212177032421383, -0.155, 0.164, 0.452, 0.337, 0.034, 0.505, 0.071, -0.638, -0.616, 1.0, 0.656, 0.413, -0.401, -0.152, 0.111, 0.024, 0.558, 0.526, -0.09,1
1, 0.945, -0.493, 1.0, -0.037, 0.989, -0.871, 0.901, 0.669, 1.0, -0.101, 1.0, -0.125, 1.0, -0.15, 1.0, -0.177, 1.0, -0.205, 1.0, -0.235, 1.0, -0.266, 0.04110162450026289, -0.299, 1.0, -0.333, 1.0, -0.369, 1.0, -0.407, 1.0, -0.447,0
1, 0.0, 0.0, 0.0, 0.0, 0.0, 0.0, 0.0, 0.0, 0.622, 1.0, 0.0, 0.0, 0.0, 0.0, 0.366, -0.72, 0.561, -1.0, 0.0, 0.0, 0.0, 0.0, 0.0, 0.0, 1.0, 0.11, 0.0, 0.0, 0.0, 0.0, 0.0, 0.0,1
1, 0.994, 0.005, 0.3252368199930613, -0.6357005768538686, 0.882, -0.164, 0.991, -0.063, 0.965, -0.075, 0.852, 0.03, 0.872, -0.208, 0.939, -0.13, 0.983, -0.089, 0.899, 0.001, 0.878, -0.059, 0.934, -0.199, 0.876, -0.178, 0.943, 0.2413476755007513, 0.803, -0.257, 0.766, -0.278,0
1, 0.959, 0.101, 1.0, -0.019, 0.983, 0.026, 0.97, -0.093, 0.99, -0.027, 0.98, -0.031, 1.0, -0.053, 0.9260255219242595, -0.052, 0.938, 0.016, 0.976, 0.610474855548347, 0.979, -0.053, 0.916, -0.157, 0.957, -0.07, 0.91, 0.013, 1.0, -0.108, 0.931, -0.069,0
1, -0.267, 0.4, -0.273, 0.122, -0.178, -0.044, 0.062, -0.069, 0.045, 0.026, 0.46730735373387744, 0.027, -0.016, -0.002, -0.7058864109464656, -0.009, -0.5874628153600411, -0.002, 0.001, 0.002, -0.001, -0.2638890513367692, -0.001, -0.0, 0.0, -0.0, 0.0, 0.0, 0.0, 0.0, -0.0, -0.28589371482047576,1
1, 0.853, -0.6162558276244103, 1.0, 0.081, 1.0, 1.0, 0.915, -0.008, 0.837, 0.358088533244582, 0.9159284690199254, -0.6480221058353833, 1.0, 1.0, 0.814, 0.047, 0.907, 0.116, 1.0, 0.507, 1.0, -1.0, 0.806, 0.039, 1.0, 0.716, 0.845, 0.07, 1.0, 0.873, 1.0, 1.0,1
0, -0.205, 0.288, 0.23, 0.1, -0.46178586023435597, 0.318, 0.322, 0.35, 0.363, -0.346, 0.092, 0.275, -0.095, 0.21, -0.088, 0.235, -0.342, 0.314, 0.8013213322966641, -0.08, 0.299, 0.332, -0.58, -0.24, 0.322, -0.285, -0.47, 0.185, -0.271, -0.312, 0.404, 0.03,1
1, 0.6, 0.033, 0.49500025517656465, 0.067, 0.7, 0.067, 0.7, 0.0, 0.633, -0.04752742150973699, 0.8, 0.0, 0.733, 0.0, 0.7, 0.1, 0.667, -0.7057124608442449, 0.733, -0.033, 0.767, 0.0, -0.38009413410446, 0.133, 0.659, 0.102, 0.6, 0.133, 0.6, 0.167, 0.633, 0.167,0
1, 0.059, -0.008, 0.067, 0.008, 0.0, -0.011, 0.006, -0.039, 0.017, -0.075, -0.006, 0.053, 0.064, -0.034, 0.0, 0.095, -0.064, 0.075, -0.047, 0.025, 0.028, -0.006, 0.25867768126974755, 0.006, -0.915495873409206, -0.008, 0.031, -0.003, 0.045, 0.0, 0.047, -0.034,1
1, 0.055, 0.014, -0.026, 0.046, 0.014, 0.046, -0.35516699947304253, 0.009, 0.5414193895509045, -0.066, -0.037, 0.043, -0.083, -0.046, -0.095, 0.08, -0.04, 0.052, 0.02, 0.7275769044010847, -0.037, -0.011, 0.032, -0.009, 0.009, 0.017, 0.026, 0.011, 0.026, 0.011, -0.046, -0.006,1
1, 0.087, 0.007, 0.14, -0.041, 0.105, 0.0722216863818983, 0.126, 0.2340639115390517, 0.233, -0.011, 0.124, 0.078, 0.146, -0.135, 0.291, -0.048, 0.9070202931545257, 0.073, 0.117, 0.0, 0.112, -0.002, 0.151, -0.103, 0.085, 0.014, 0.112, -0.066, 0.5586752112858637, -0.073, 0.117, -0.069,1
1, 0.02, 0.007, 0.041, -0.008, 0.021, 0.011, -0.32837511071198977, 0.044, 0.003, 0.001, 0.02, -0.031, -0.02, 0.061, -0.041, 0.027, 0.7818430913104311, -0.004, 0.044, -0.025, 0.018, 0.0, 0.0, -0.013, 0.018, -0.011, 0.006, -0.016, -0.017, -0.024, 0.007, 0.0,1
1, 0.857, 0.001, 0.819, -0.057, 0.775, -0.042, 0.843, 0.09, -0.3568321306623593, 0.119, 0.881, -0.061, 0.783, 0.035, 0.837, -0.068, 0.836, -0.142, 0.881, 0.012, 0.905, 0.022, 0.797, -0.019, 0.824, -0.037, 0.881, -0.064, 0.739, -0.019, 0.791, -0.092,0
1, 1.0, 0.0, 1.0, 0.0, 0.667, 0.111, 1.0, -0.111, 0.889, -0.111, -0.16291546941802737, -0.222, 0.778, 0.0, 0.778, 0.0, 1.0, -0.111, 0.778, -0.111, 0.667, -0.111, 0.667, 0.0, 0.903, -0.054, 1.0, 0.111, 0.889, -0.111, 0.6675254049868149, 0.0,0
1, 1.0, 0.118, 1.0, 0.235, 1.0, 0.412, -0.750996092276414, 0.059, 1.0, 0.235, 0.9748971816093888, 0.118, 1.0, 0.471, 1.0, -0.059, 1.0, -0.118, 1.0, 0.353, 1.0, 0.412, 1.0, -0.118, 1.0, 0.202, 0.6994348083854269, 0.059, 1.0, 0.353, 1.0, 0.235,0
1, -1.0, -1.0, -0.507, 1.0, 1.0, -1.0, 1.0, 0.538, 0.0, 0.0, 0.24, -1.0, 1.0, 1.0, 0.0, 0.0, 1.0, 1.0, 1.0, 1.0, 0.9269345588811986, 0.0, -0.715, 1.0, 0.333, -1.0, 1.0, -1.0, 0.698, -1.0, 0.476, 1.0,1
1, 1.0, -0.284, 1.0, 0.43148208629141616, 0.946, -0.351, 1.0, -0.306, 0.927, -0.491, 0.908, -0.441, 0.757, -0.589, 0.697, 0.8682920718258926, -0.16135759678700878, -0.576, 0.685, -0.71, 0.545, -0.4317222133818367, 0.492, -0.733, 0.355, -0.761, 0.264, -0.782, 0.166, 0.852625247988064, 0.14, -0.7,0
1, 0.455, -0.15895289535609836, 0.636, -0.8942082877955885, 0.273, 0.182, 0.636, 0.20432114256646505, 0.364, -0.091, 0.455, -0.091, 0.486, -0.013, 0.636, -0.182, 0.455, 0.0, 0.364, -0.091, 0.273, 0.182, 0.364, -0.091, 0.344, -0.018, 0.273, 0.0, 0.364, 0.0, -0.7939394190427707, -0.018,0
1, 0.87, 0.47, 0.539, 0.822, 0.104, 0.38945963871419886, -0.38, 0.879, -0.739, 0.582, -0.921, 0.167, -0.5762281733509684, -0.249, -0.594, -0.633, 0.8712673904074513, -0.829, 0.188, -0.787, 0.516, -0.574, 0.693, -0.248, 0.691, 0.105, 0.528, 0.398, 0.26, 0.566, -0.067, 0.2901244408660859,0
1, 0.975, 0.131, 0.941, -0.7433742056003245, 0.888, 0.322, 0.89, 0.327, 0.856, -0.6772817558788885, 0.723, 0.523, 0.699, 0.588, 0.585, 0.669, 0.489, 0.704, 0.442, 0.682, 0.353, 0.756, 0.268, 0.762, 0.168, 0.785, 0.075, 0.804, -0.03, 0.4012609253174768, -0.103, 0.742,0
1, 0.888, 0.381, 0.659, 0.694, -0.316817684871335, 0.6690488261331453, -0.067, 0.901, -0.396, 0.804, -0.646, 0.565, -0.83, 0.269, -0.789, -0.082, -0.628, -0.309, -0.466, -0.556, -0.164, -0.643, 0.096, -0.611, 0.304, -0.484, 0.432, -0.298, -0.4155434215011875, -0.095, 0.422, 0.126,0
0, -0.40335716572668334, 1.0, -1.0, -1.0, -1.0, -1.0, 0.0, -0.522666457929338, -0.13325546894531126, 0.0, -1.0, -1.0, 0.0, 0.0, 0.0, 0.0, 0.0, 0.0, -1.0, 1.0, 0.31533522189486196, 1.0, 0.0, 0.0, 1.0, 0.5229340143322325, 0.0, 0.0, -1.0, -1.0, -1.0, -1.0,1
1, 0.763, -0.078, 1.0, -0.296, 0.7781727406611136, -0.857, 0.8, 0.061, 0.456, -0.428, 1.0, -0.126, 1.0, -0.5059158158269514, 0.493, 0.019, 0.822, -0.059, 0.982, -0.199, 1.0, 0.22, 0.696, -0.265, 0.921, -0.245, 0.789, 0.02, 0.875, -0.271, 1.0, -0.57,0
1, 0.253, 0.885742480374347, 0.0, 0.0, -0.296, -1.0, 0.0, 0.0, 0.076, -0.073, 0.0, 0.0, 0.0, 0.0, 0.0, 0.6039137140856854, 0.0, 0.0, 0.008, 0.681, -0.8430160763307978, 0.337, -0.104, 0.357, 0.056, -1.0, -0.0836509408158369, -0.207390521934114, 0.063, -1.0, 0.0, 0.0,1
1, 0.0, 0.0, 0.0, 0.0, 0.0, 0.0, 0.0, 0.6046583814557311, 0.0, 0.0, -1.0, 0.3776358699839646, 1.0, -0.9234634451389926, 0.0, 0.0, 0.0, 0.0, 0.0, 0.0, 0.0, 0.0, 0.0, 0.0, 1.0, 1.0, 0.0, -0.2933803958104412, 0.7251197797537594, 0.0, 0.0, 0.0,1
1, 0.21493778359492732, 0.025, 0.152, 0.213, -0.672261186333434, 0.74, -0.257, 0.923, -0.103, 0.194, -0.614, 0.1128728639131582, -0.941, -0.054, -0.131, -0.143, -0.303, -0.446, -0.114, -0.856, 0.027, -0.228, 0.279, -0.063, 0.35928839663027046, -0.119, 0.277, -0.114, 0.151, 0.133, 0.122, 0.205,0
1, 0.589, -0.609, 0.854, 0.553, 0.811, 0.073, 0.566, 0.162, 0.328, 0.242, 0.503, 0.123, 0.639, 0.199, 0.719, 0.427, 0.543, 0.139, 0.0531513688743932, 0.278, 0.689, 0.073, 0.519, 0.267, 0.49, 0.277, 0.462, 0.286, 0.435, 0.293, 0.408, 0.299,0
1, 0.479, -0.124, 0.428, -0.124, 0.701, -0.392, 0.732, 0.072, 0.263, -0.216, 0.495, 0.16, 0.454, 0.1613312976344794, 0.423, 0.062, 0.5, -0.273, 0.546, 0.186, 0.963171906760701, 0.082, 0.706, -0.7676747478003788, 0.534, -0.124, 0.155, -0.263, 0.474, 0.041, 0.454, -0.515,0
1, 0.585, -0.355, 1.0, 0.353, 0.754, -0.006, 0.825, -0.9742027907572227, 0.502, 0.6026882980025112, 0.66, 0.064, 0.697, 0.6524889277416488, 0.724, -0.427, 0.761, 0.045, 0.669, 0.205, 0.848, -0.41, 0.648, 0.8994703790870193, 0.568, 0.6390661400833786, 0.528, -0.133, 0.156, -0.122, 0.448, -0.103,0
1, 0.836, 0.132, -0.9875332838826657, 0.061, 0.658, 0.083, 0.239, 0.13, 0.438, 0.203, 0.494, 0.7310098520785127, 0.447, -0.32527977631550276, 0.294, 0.029, 0.482, 0.158, 0.328, 0.146, 0.295, 0.146, 0.264, 0.145, 0.236, 0.143, 0.264, 0.161, 0.188, 0.136, 0.167, 0.132,0
1, 0.749, -0.6056605674339599, 0.99, 0.098, 0.759, 0.129, 0.743, -0.092, 0.958, 0.025, 0.979, -0.005, 0.961, 0.102, 0.915, 0.038, 0.71, 0.027, 0.812, -0.08, 1.0, 0.0, 0.718, -0.012, 0.823, 0.026, 0.724, -0.5992724340407347, -0.17367652132494293, 0.111, 0.728, 0.028,0
1, 0.931, 0.293, 0.799, 0.558, 0.6, 0.716, 0.262, 0.927, 0.046, 0.967, -0.232, 0.951, -0.559, 0.81, -0.733, 0.624, -0.91, 0.362, -0.5724949458549952, 0.06, -0.936, -0.198, -0.832, -0.15353123730829243, -0.652, -0.696, -0.6247605973912311, -0.857, -0.136, -0.94, 0.1, 0.3635305420876318,0
1, 0.835, 0.29, 0.693, 0.477, 0.492, 0.684, 0.22, 0.868, -0.081, 0.85, -0.356, 0.777, -0.527, 0.584, -0.704, 0.313, -0.758, 0.039, -0.712, -0.153, 0.054334214668333214, 0.6973269851173569, 0.11925115928036423, -0.38719987249635157, 0.7015020450813467, -0.609, 0.084, -0.615, 0.252, 0.5310373528699943, 0.406, -0.353,0
1, 0.525, -0.034, 0.5374072993959782, 0.085, 0.525, -0.169, 0.305, -0.017, -0.21349478913785302, 0.26535773027347354, 0.644, 0.288, 0.831, -0.356, 0.542, 0.017, 0.559, 0.034, 0.593, 0.305, 0.864, 0.051, 0.6638527022823348, 0.153, 0.673, -0.003, 0.661, -0.7903783679451744, 0.831, -0.153, 0.763, -0.102,0
1, 0.937, 0.351, 0.753, 0.656, 0.456, 0.886, 0.153, 0.958, -0.218, 0.963, -0.565, 0.834, -0.788, 0.58, -0.931, 0.26, -0.936, -0.05359874923098806, -0.04548706185200413, -0.409, -0.651, -0.675, -0.368, -0.85, -0.046, -0.6560960397254899, 0.273, -0.858, 0.548, -0.696, 0.748, -0.442,0
1, 1.0, -0.241, 1.0, -0.203, 0.873, -0.101, 0.886, 0.013, 1.0, 0.114, 0.924, 0.063, 0.848, -0.038, 0.633, -0.367, 0.873, -0.013, 0.937, 0.063, 1.0, 0.253, 0.62, -0.7862267433167963, 0.846, -0.055, 1.0, -0.063, 0.532, 0.025, -0.37331504080754585, -0.025,0
1, 0.975, 0.007, 0.986, 0.02, 0.9643717785282926, 0.02, 0.993, 0.016, 0.957, 0.023, 0.972, 0.036, 1.0, 0.037, 0.979, 0.021, 0.742267400897636, 0.057, 0.389032234761173, 0.048, 0.945, 0.2375061887403731, 0.984, 0.036, 0.975, 0.065, 0.6465205717008842, 0.082, 0.991, 0.062, 0.989, 0.099,0
1, 0.195, 0.057, 0.042, 0.44917826947038497, -0.993683565872182, 0.489, -0.183, -0.183, -0.42, 0.061, -0.454, 0.8052111346752409, -0.164, -0.305, -0.103, -0.397, 0.187, -0.176, 0.34, -0.8166966219005866, 0.286, -0.16, 0.216, 0.247, 0.039, 0.311, -0.038, 0.263, -0.168, 0.168, -0.302, -0.336,0
1, 0.667, -0.014, 0.974, 0.068, 0.496, 0.501, 0.757, 0.635715734128774, 0.652, -0.141, 0.402, -0.489, 0.392, 0.587, 0.768, -0.451402482448938, 0.786, 0.113, 0.475, -0.6210860776764076, 1.0, 0.007, 0.607, 0.07, 0.687, -0.9323380123666343, 0.876, 0.078, 0.553, -0.9677629545255944, 0.139, 0.481,0
1, 0.847, 0.135, 0.736, -0.062, 0.879, 0.083, 0.889, -0.091, 0.787, 0.067, 0.807, -0.004, 0.793, -0.011, 0.858, -0.046, 0.872, 0.25076143658970507, 0.817, -0.095, 0.71, 0.044, 0.34157832230943685, -0.4145218849681601, 0.811, -0.048, 0.782, -0.007, 0.757, -0.067, 0.6738154589370395, -0.062,0
1, 1.0, 0.065, 1.0, 0.207, 1.0, 0.263, 0.931, 0.322, 0.868, 0.39, 0.755, 0.501, 0.796, 0.523, 0.66, 0.4327867076342895, 0.576, 0.63, 0.478, 0.671, 0.406, 0.688, 0.344, 0.721, 0.277, 0.724, 0.193, 0.707, 0.114, 0.727, 0.07, 0.714,0
1, 1.0, 0.017, 0.00995478197232691, -0.031, 1.0, -0.034, 1.0, -0.051, 0.99, -0.071, 0.992, -0.09, 1.0, -0.157, 1.0, -0.143, 0.983, -0.118, 0.30865730375718736, -0.185, 1.0, -0.193, 0.99, -0.221, 0.965, -0.202, 0.946, -0.171, 0.964, -0.226, 0.87, -0.233,0
1, 0.0, 0.0, 0.0, 0.0, 0.0, -0.2744581106292219, 0.0, 0.0, 0.0, 0.0, 0.0, 0.0, 0.0, 0.0, 0.0, 0.0, 0.0, 0.0, 0.0, 0.0, 0.0, 0.0, 0.0, 0.0, 1.0, -1.0, 0.0, 0.0, 0.0, 0.0, 0.0, 0.0,1
1, -0.8841654173760128, 0.234, 0.914, 0.52, 0.78, 0.721, 0.477, 0.842, 0.276, 0.917, 0.095, 0.882, -0.22, 0.914, -0.342, 0.755, -0.514, 0.645, -0.645, 0.446, -0.741, 0.292, -0.708, 0.036, -0.717, -0.119, -0.65, 0.9907687334322297, -0.513, -0.445, -0.374, -0.533,0
0, -1.0, 0.281, 0.222, 0.15, -0.757, -0.71, -0.307, 0.712, -1.0, 1.0, -0.817, 0.34, -0.791, -0.026, -0.98, -0.83, -0.601, -0.542, -0.046, -0.83, 0.941, -0.941, -1.0, 0.5477978739765934, 0.7054442851118381, 0.092, -0.5422703138418195, 0.052, 0.183, 0.026, -0.402, -0.482,1
1, 0.794, 0.295, 0.641, 0.523, 0.413, 0.682, -0.8512271348971937, 0.835, -0.168, 0.788, -0.429, 0.723, -0.572, 0.415, -0.754, 0.168, -0.7, -0.099, -0.577, -0.235, -0.406, -0.383, -0.174, -0.525, 0.011931471762231416, -0.487, 0.19, -0.381, 0.31, -0.232, 0.346, -0.674365498981058,0
1, 0.901, 0.418, 0.641, 0.757, 0.304, 0.951, -0.204, 0.965, -0.555, 0.812, -0.819, 0.509, -0.7928478558996803, 0.103, -0.915, -0.314, -0.702, -0.655, -0.324, -0.89, 0.059, -0.942, 0.445, -0.822, 0.741, 0.05231068307820497, 0.894, -0.187, 0.879, 0.204, 0.706, -0.29690952768943024,0
1, 1.0, -0.452, 1.0, 1.0, 0.712, -1.0, 0.5294996182270115, 0.0, 0.0, 0.0, 0.0, 0.0, -1.0, 0.145, 0.541, -0.393, -1.0, -0.545, -0.7, 1.0, 0.0, 0.0, 1.0, 0.907, 0.516, 1.0, 1.0, -0.201, 0.257, 1.0, -0.324, 1.0,1
1, 1.0, -0.024, -0.8771763443660867, 0.065, 0.921, -0.233, 0.772, -0.164, 0.528, -0.203, 0.564, -0.007, 0.344, -0.275, 0.529, -0.13715315217551616, 0.451, -0.178, 0.06, -0.356, 0.023, -0.529, 0.033, -0.652, 0.133, -0.532, 0.024, -0.622, -0.057, -0.596, -0.046, 0.3738671716707449,0
1, -0.04128438677668678, -0.085, 0.0, 0.0, 0.0, 0.0, 0.115, -0.268, -0.457, -0.382, 0.0, 0.0, -0.337, 0.386, -0.371, 0.15, 0.637, 0.221, 0.0, 0.0, 0.0, 0.0, -0.148, -0.013, 0.206, -0.023, 0.0, 0.0, -0.9714823793553473, 0.241, -0.082, 0.381,1
1, 1.0, -0.163, 1.0, -0.102, 1.0, -0.152, 1.0, -0.193, 0.941, -0.352, 0.957, -0.298, -0.04136594641985514, -0.344, -0.6910923020194966, -0.281, 0.901, 0.7608870146239379, 0.86, -0.473, 0.83, -0.512, 0.841, -0.471, 0.762, -0.584, 0.657, -0.688, 0.687, -0.645, 0.647, -0.27084461349780775,0
0, 1.0, 1.0, 0.0, 0.0, 0.0, 0.4445499129231436, -1.0, -1.0, 0.0, 0.5988782922734688, 0.0, 0.0, -1.0, -1.0, -1.0, -1.0, -1.0, 1.0, -1.0, 1.0, 0.0, 0.0, 0.0, 0.0, 1.0, -1.0, -1.0, 1.0, -1.0, -0.8684600949912472, 0.617537462529153, 1.0,1
0, -1.0, -1.0, 1.0, 1.0, -0.6676648668171057, -1.0, -1.0, 1.0, 1.0, -1.0, -1.0, -1.0, 0.0, 0.0, 1.0, 1.0, -1.0, -1.0, 1.0, -1.0, 1.0, -1.0, 1.0, 0.891841890265197, -0.8866219059300194, -1.0, 1.0, -1.0, -1.0, 1.0, 1.0, -1.0,1
1, 1.0, -0.159, 0.723, 0.8232614844625958, 0.834, -0.584, 1.0, -0.282, -0.13377675114520282, -0.22939420287250412, 0.8, -0.125, 0.768, 0.146, 1.0, 0.8661742098317886, 1.0, 0.266, 0.964, -0.019, 0.926, -0.913, 1.0, 0.148, 1.0, -0.116, 1.0, -0.111, 0.7832702267410396, 0.534, 1.0, -0.578,0
0, 0.662, -1.0, 1.0, 1.0, 1.0, -0.673, 0.809, -0.404, 1.0, -1.0, 1.0, -0.894, 1.0, 0.734, 0.176, 0.71, 1.0, 0.78, 1.0, 0.853, 1.0, -0.05970945047673526, 1.0, 0.854, 1.0, -0.086, -0.5170324248068576, -0.362, 1.0, 0.653, -0.07589335764662675, 0.09845732643698746,1
0, 1.0, 1.0, 1.0, -1.0, 0.0, 0.9909045235232694, 0.0, -0.0034550845165399746, -1.0, -1.0, 0.0, 0.0, 0.0, 0.0, -1.0, 1.0, 1.0, 1.0, -1.0, 1.0, -1.0, 1.0, 1.0, -1.0, 1.0, 1.0, -1.0, 1.0, 1.0, 1.0, 0.0, 0.0,1
0, 0.0, -0.5011935288787804, 0.0, 0.5433666122945413, 0.0, -0.7935384422991282, 1.0, 1.0, 1.0, 1.0, -0.8854553838925099, 0.0, 0.0, 0.0, -0.375, -1.0, -1.0, -1.0, 0.0, 0.0, 0.0, 0.0, -1.0, -1.0, -1.0, -1.0, -1.0, 1.0, 1.0, 0.0, 0.0, 0.0,1
1, 0.841, -0.184, 0.436, 0.029, 0.934, -0.003, 0.879, 0.138, 0.811, -0.24481406976580944, 0.886, 0.55, 0.917, -0.575, 0.75, -0.295, 0.867, -0.7077753491950629, 1.0, 1.0, 0.466, -0.163, 0.901, -0.028, 0.934, -0.012, -0.29316862004184363, -0.323, 0.845, -0.257, 0.933, -0.014,0
1, 0.848, 0.106, 1.0, 0.391, 1.0, -1.0, 0.669, 0.084, 1.0, 0.27, 1.0, 0.606, 1.0, 0.35949892256397264, 1.0, 0.027, 0.9616201808586764, -0.43, 0.42928829030815696, 0.635, 0.891, 0.266, 0.15527220050694246, -0.333, 1.0, 0.159, 0.377, -0.019, 0.9402521848539478, 0.31446639711839763, 1.0, 0.374,1
1, 1.0, 1.0, 1.0, -1.0, 1.0, -1.0, 1.0, 1.0, 1.0, 0.3105153067294777, 1.0, 1.0, 1.0, -1.0, 1.0, 1.0, 1.0, 1.0, 1.0, 1.0, 1.0, 1.0, 1.0, 1.0, 1.0, 0.5, 0.0, 0.0, 1.0, -0.5367680642606616, 1.0, -1.0,1
0, 1.0, 1.0, 1.0, -1.0, 1.0, 1.0, -1.0, 1.0, 0.0, 0.0, 1.0, 1.0, 0.0, 0.0, -0.029274452717340194, -0.7775154755864095, -1.0, 1.0, -1.0, 1.0, 1.0, 1.0, 1.0, -1.0, 1.0, 1.0, 1.0, 1.0, 1.0, -1.0, -1.0, 1.0,1
1, -0.3200605114270143, 0.169, -0.15643069081856653, 0.0, 0.565, 0.069, 0.395, 1.0, 0.384, 0.996, -0.024, 0.532, 0.237, -0.07310129401113408, -0.027, 0.951, -0.51, 0.849, -0.102, -0.9605097197835589, -0.426, 0.237, -0.916, 0.807, -0.341, 0.882, 0.6485415365659961, 0.8511008019212403, -1.0, 0.129, 0.0, 0.0,1
1, 0.2764915854848202, -0.572, 0.992, -0.734, 0.895, -0.974, -0.7142317457390557, -0.358, 1.0, 0.40021265516993876, 0.629, -0.864, 1.0, -0.575, 1.0, -0.6396153689454345, 0.02879586048163385, -0.89, -0.5779712757975728, -1.0, 0.701, -0.749, 0.619, -0.769, 0.538, -0.78, 0.81, -1.0, 1.0, -1.0, 0.304, -0.761,0
1, 0.659, -0.629, 0.0, 0.0, 0.0, 0.0, 0.773, 1.0, 1.0, -0.28, 0.0, 0.0, 0.0, 0.0, 0.621, -0.227, 0.841, -1.0, 1.0, -1.0, 0.0, 0.0, 0.0, 0.0, 1.0, -0.3618397352662496, -0.129, -0.932, 0.0, 0.0, 0.0, 0.0,1
1, 0.214, -0.095, 0.333, 0.071, 0.19, 0.19, 0.16177577366162454, 0.095, 0.405, 0.024, 0.31, -0.048, -0.011746359293290043, -0.5158424953734135, 0.286, -0.119, 0.333, 0.048, -0.6849867174599755, 0.0, 0.214, -0.119, 0.357, -0.048, 0.221, -0.023, 0.19, 0.0, 0.17, -0.02, 0.147, -0.019,0
1, 0.982, 0.0, -0.6773559189581675, -0.864610961141207, 0.862, -0.15389259558960156, 0.8, 0.0, 0.691, -0.6160727915391495, 0.7435826276763302, 0.084, 0.771, 0.096, 0.627, -0.3664459798872578, 0.682, 0.127, 0.707, 0.126, 0.686, -0.6149165326764148, 0.745, -0.3947841872914657, 0.646, 0.151, 0.673, 0.027, -1.116569619885599E-4, 0.165, 0.588, 0.171,0
1, 0.952, 0.898482170863655, 0.936, 0.13, 0.91, 0.192, 0.849, -0.5, 0.9, 0.613, 0.779, 0.343, 0.723, 0.38, 0.661, 0.408, 0.955, 0.599, 0.533, 0.441, 0.468, 0.445, 0.404, 0.442, 0.344, 0.432, 0.903, 1.0, 0.234, 0.396, 0.186, 0.372,0
1, 0.598, -0.8751521790109463, 0.828, 0.805, 0.76, 0.707, 0.84, 0.153887457017295, 0.973, 0.08, 0.958, 0.1638009834950327, 0.92, 0.884, 0.955, -0.052, 0.887, 0.181, 0.985, -0.696, 0.867, -0.858, 0.286, -0.301, 1.0, 0.171, 0.63, 0.427, 0.878, 0.81, 0.82, 0.02311741258555955,1
1, 0.969, 0.009, 1.0, 0.008, 0.987, -0.008, 0.979, -0.11780577551522431, 0.998, -0.035, 1.0, -0.013, 1.0, -0.026, 1.0, -0.012, 0.985, 0.0, 1.0, -0.026, 1.0, -0.047, 0.96, -0.045, 0.992, -0.035, 0.97, -0.025, 1.0, -0.039, 0.984, -0.041,0
1, 0.347, 0.204, 0.469, 0.245, 0.408, 0.204, 0.469, 0.449, 0.306, 0.592, 0.122, 0.551, 0.0, 0.51, -0.061, 0.551, -0.204, -0.36849793264840214, -0.286, 0.449, -0.286, 0.327, -0.612, 0.224, -0.466, 0.149, -0.592, 0.184, -0.347, 0.0, -0.265, -0.245,0
1, 0.897, 0.382, 0.912, 0.375, 0.743, 0.676, 0.456, 0.779, 0.191, 0.89, -0.5812725572803227, 0.86, -0.206, 0.824, -0.375, 0.676, -0.5, 0.478, -0.735, -0.21935588987994847, -0.86, -0.5649915783584564, -0.743, -0.4873208733013181, -0.679, -0.241, -0.551, -0.426, -0.441, -0.507, -0.287, -0.8671396104309568,0
1, 0.3079446147447322, 0.023, 0.938, -0.013, 0.6358807938256954, 0.012, 0.967, -0.017, 0.969, 0.005, 0.957, -0.031, 0.953, -0.004, -0.26826844859595145, -0.027, 0.998, 0.018, 0.936, -0.05, 0.938, -0.024, 0.971, 0.9766917703618976, 0.962, -0.5585342206895664, 0.974, 0.019, 0.954, -0.034, 0.958, 0.008,0
1, 0.31, -0.103, 0.241, -0.103, 0.207, 0.9817747813607041, 0.074, -0.054, -0.08016742092561147, -0.037, 0.017, -0.024, 0.007, -0.015, 0.003, -0.009, 0.001, -0.005, -0.0, -0.003, -0.0, -0.002, -0.0, -0.001, -0.0, 0.6008193291725636, 0.6284527060642029, -0.0, -0.0, -0.0, -0.0, -0.0,0
1, 1.0, -0.39204200249911336, 1.0, -0.027, 1.0, -0.065, 0.951, -0.016, 0.989, -0.032, 0.989, 0.086, 1.0, -0.065, 0.951, 0.092, 0.978, -0.005, 1.0, 0.065, 1.0, 0.043, 0.978, 0.092, 0.986, 0.013, 1.0, -0.032, 1.0, 0.027, 1.0, -0.07,0
1, 0.724, -0.011, 0.797, 0.011, 0.8, 0.002, 0.79, 0.011, 0.784, -0.01, 0.834, 0.033, 0.851, 0.017, 0.1656038414606833, -0.008, 0.791, -0.03, 0.76, 0.034, 0.748, 0.055, -0.5278185134585525, -0.015, 0.78, 0.006, 0.741, -0.05, 0.83, 0.03, 0.79, 0.008,0
1, 0.471, 0.06399283908866171, 0.423, 0.336, 0.257, 0.476, 0.019, 0.495, -0.021, 0.54, -0.341, 0.312, -0.413, 0.325, -0.516, 0.069, -0.7908372031037783, -0.43875061567843676, -0.148, -0.146, 0.6607587667323553, -0.381, -0.233, 0.003, 0.036, -0.317, 0.9840648896023783, -0.217, 0.249, -0.243, 0.5450792153238038, 0.042,0
1, 0.7980580352707902, 0.393, 0.389, 0.764, 0.324655402760174, 0.989, -0.426, 0.887, -0.762, 0.5, -0.931, 0.9467056258457494, -0.859, -0.31, -0.66, -0.553, -0.06581621083100708, -0.861, 0.284, -0.805, 0.646, -0.352, 0.778, -0.233, 0.717, 0.213, 0.378, 0.583, 0.197, 0.663, -0.112, 0.649,0
1, 0.0, 0.0, -1.0, -1.0, -1.0, 1.0, 0.0, 0.0, -0.8115914561347085, 1.0, 1.0, -0.530902881997382, 1.0, -1.0, 0.0, 0.0, 0.0, 0.0, -1.0, -1.0, -1.0, 1.0, 1.0, 0.438, 0.07574324847099922, -1.0, 0.0, 0.0, -1.0, -1.0, -1.0, 1.0,1
0, 0.0, 0.0, 0.0, 0.0, 0.0, 0.0, 0.0, 0.0, 0.0, 0.0, 0.0, 0.0, 0.0, 0.0, 0.0, 0.0, 0.0, 0.0, 0.0, 0.0, 0.0, 0.0, 0.0, 0.0, 1.0, 0.0, 0.0, 0.0, 0.0, 0.0, 0.0, 0.0,1
1, 0.917, 0.292, 0.833, -0.167, 0.708, 0.25, 0.875, -0.083, 0.917, 0.042, 0.833, 0.125, 0.708, 0.0, 0.875, 0.042, 1.0, 0.501861273660758, 0.667, -0.083, 0.75, 0.167, 0.833, -0.125, 0.838, 0.055, 0.273989748972, 0.208, 0.708, 0.0, 0.708, 0.042,0
1, 1.0, 1.0, 0.0, 0.0, 1.0, -1.0, -1.0, -1.0, 0.1297175281517482, 1.0, 1.0, -1.0, 0.0, 0.0, 1.0, -1.0, 1.0, 1.0, 0.0, 0.0, 1.0, -1.0, -0.4572544841694772, -1.0, 1.0, 1.0, -1.0, 1.0, -1.0, 1.0, 0.0, 0.0,1
1, 1.0, 0.635, 1.0, 1.0, 0.771, 1.0, -0.333, 1.0, -1.0, 1.0, -0.14513366463248, 1.0, -1.0, 1.0, -1.0, 0.0, -1.0, -0.667, -1.0, -0.925, -1.0, -0.333, -0.21920047356262817, -1.0, 0.192, -1.0, 1.0, -1.0, 0.0, -0.748282201063885, 1.0, -0.667,0
1, 0.649, -0.079, 0.583, -0.144, -0.6933759138205497, -0.214, 0.298, 0.044, 0.381, -0.263, 0.289, -0.32, 0.035, -0.189, 0.203, -0.294, 0.152, -0.291, -0.09621416057837529, -0.315, 0.066, -0.268, 0.03, -0.251, -0.0, 0.0858738764854785, -0.8716152263506352, -0.211, -0.047, -0.19, 0.013, -0.272,0
1, 0.0, 0.0, 0.0, 0.0, 0.0, 0.0, 0.0, 0.0, 1.0, -0.333, 0.167, 0.26, 0.0, 0.0, -0.37584453620385483, 0.0, 0.0, 0.0, -0.198, -0.219, -0.167, 0.906, -1.0, 0.5, 0.042, 0.75, -0.229, -1.0, -0.125, -0.271, -0.198, -0.938,1
1, 1.0, 0.231, 1.0, 0.6561166941318932, 1.0, -0.104, 1.0, 0.154, 1.0, 0.278, 0.981, -0.069, 1.0, 0.066, 0.958, -0.19, 0.836, -0.156, 0.974, -0.4207106017090172, 0.996, 0.092, 1.0, -0.013, 0.962, -0.046, 0.912, 0.039, 1.0, -0.137, 0.965, -0.117,0
1, 0.369, -1.0, -1.0, -1.0, -0.077, 1.0, 1.0, 0.95, 0.746, -0.387, -1.0, -0.793, -0.097, -0.30254220014962885, 0.487, 0.465, 0.318, -0.275, -0.143, -0.202, -0.12, 0.069, 0.03, 0.066, 0.034, -0.012, -0.004, -0.017, -0.008, 0.001, 0.0, 0.5439941556062535,1
1, 1.0, 0.143, 1.0, -0.715402374443459, 1.0, 0.714, 0.4842229111781864, -0.143, 0.857, -0.143, 1.0, 0.025, 1.0, 0.0, 0.429, 0.17335741388922488, 1.0, 0.036, 1.0, -0.286, 1.0, 0.0, 0.286, -0.286, 1.0, 0.049, 1.0, 0.28740605509081063, 1.0, 0.571, 1.0, 0.0,0
1, 0.505, -0.169, 0.714, 0.015, 0.711, 0.023, 0.681, 0.013, 0.346, 0.056, 0.69, 0.044, 0.681, 0.051, 0.67, 0.057, 0.634, -0.047, 0.645, 0.069, 0.631, 0.074, 0.84, 0.181, 0.599, 0.083, 0.382, 0.068, 0.565, 0.09, 0.546, 0.093,0
1, 0.687, 1.0, 0.92, -0.761, 0.818, 0.043, 0.761, 0.107, 0.14540236283685126, 0.737, 0.701, 0.182, 0.759, 0.137, 0.935, -0.251, 0.707, 0.5062721240115986, 0.649, 0.246, 0.602, 0.774, -0.5848426389472658, -0.7414888967158014, -0.3992709762880744, 0.222, 0.711, 0.538, 1.0, -0.065, 0.565, 0.239,1
1, 0.064, -0.153, -0.044, 0.059, 0.084, -0.025, -0.015, 0.187, 0.064, 0.0, 0.123, -0.099, 0.059, 0.0, 0.02, -0.9584900368839712, 0.22404250484519705, -0.207, 0.069, 0.015, 0.9654385917739567, 0.8081785128005265, 0.079, 0.163, -0.212843113861243, -0.049, -0.059, -0.094, 0.044, 0.054, 0.074, -0.108,1
1, -0.36551688829565343, 0.016, -0.4424621931841741, 0.013, 0.924, 0.014, 0.892, -0.102, 0.901, -0.084, 0.93, -0.01, -0.6859318268685444, -0.089, 0.86, -0.051, 0.895, -0.04, 0.884, -0.121, 0.889, -0.119, 0.83, -0.141, 0.865, -0.118, 0.855, -0.131, 0.835, -0.125, 0.868, -0.122,0
0, 0.499, -0.04922144791326055, 0.431, -0.096, 0.506, -0.042, 0.501, 0.096, 0.447, 0.06, 0.558, -0.119, 0.517, -0.036, 0.527, -0.06, 0.553, -0.01, 0.486, -0.034, 0.6865076342799019, -0.01, 0.592, 0.0, -0.8919107708828315, -0.033, 0.431, 0.034, 0.545, -0.055, 0.59, -0.086,0
1, 0.0, 0.0, 0.0, 0.0, 0.0, -0.5943791348474052, -1.0, 1.0, 0.0, 0.0, 1.0, 0.373, -0.12, -0.12, 0.0, 0.0, -1.0, -1.0, 0.0, 0.0, 1.0, -1.0, 0.0, 0.0, 1.0, 0.227, 0.0, 0.0, 0.0, 0.0, 0.0, 0.0,1
1, 0.834, 0.391, 0.54, 0.786, 0.123, 0.894, -0.332, 0.836, -0.701, 0.596, -0.866, 0.219, -0.844, -0.242, -0.597, -0.619, -0.194, -0.878, 0.124, -0.891, 0.511, -0.725, 0.791, -0.277, 0.83, -0.2890908395147628, 0.666, 0.491, 0.375, 0.7, -0.04, 0.794,0
1, 0.683, 0.08659747873586543, 0.848, 0.002, 0.843, 0.003, -0.5904700652674004, 0.099, 0.758, 0.041, 0.819, 0.006, -0.3566422758988669, 0.007, 0.806, -0.124, -0.4497214819886073, -0.035, 0.764, 0.009, 0.746, 0.01, 0.796, -0.042, 0.708, 0.011, 0.622, 0.116, 0.27101175842597414, 0.012, 0.644, 0.012,0
1, 1.0, 0.098, 1.0, 0.251, 0.984, 0.33, 0.804, 0.53, 0.75, 0.603, 0.569, 0.719, 0.553, 0.741, 0.295, 0.822, 0.211, 0.798, -0.7187645178564741, -0.18117508785360847, -0.017, 0.799, -0.151, 0.756, -0.228, 0.692, -0.317, 0.609, -0.403, 0.545, 0.5922765865903992, 0.445,0
1, 1.0, 0.08, 0.968, -0.005, -0.4605077191862529, -0.007, -0.37614354057613375, -0.039, 1.0, 0.014, -0.943220327129406, -0.0807472171915572, 0.959, -0.017, 0.985, 0.01, 0.912, -0.088, -0.6244469069932697, -0.8706476129290293, 0.946, -0.026, 0.982, 0.02, 0.938, -0.03, 1.0, -0.058, 0.928, 0.12291733108528824, -0.9669046509002579, -0.037,0
1, 0.607, -0.027, 0.671, 0.20606936821855348, 0.529, -0.044, 0.505, 0.037, -0.5628031295637608, -0.078, -0.5243335751640456, -0.02, -0.46385521010119823, 0.078, 0.641, 0.119, 0.569, -0.024, 0.532, 0.007, 0.715, -0.034, 0.529, -0.034, 0.573, 0.008, 0.586, -0.003, 0.45649680855136765, -0.027, 0.502, 0.068,0
1, 0.495, 0.097, 0.296, 0.058, 0.35, 0.0, 0.573, -0.024, 0.583, 0.024, -0.16876590884494735, 0.049, 0.524, 0.005, 0.471, -0.107, 0.432, -0.48867170780167724, 0.35, 0.058, 0.189, 0.257, 0.16634426060280405, -0.15, 0.365, 0.038, 0.393, 0.175, 0.262, 0.0, -0.6516870403782667, -0.019,0
1, 0.979, 0.158, 0.901, 0.352, 0.82, 0.486, 0.718, 0.649, 0.588, 0.737, 0.403, 0.832, 0.251, 0.848, 0.047, 0.855, -0.122, 0.797, -0.262, 0.808, -0.378, 0.717, -0.51, 0.583, -0.576, 0.46, -0.619, 0.308, -0.658, 0.183, -0.641, 0.03,0
1, 0.847, -0.034, 0.864, -0.085, 0.82, 0.0, 0.737, -0.076, 0.72, -0.136, 0.749, -0.117, 0.8346647801424061, -0.187, 0.781, -0.212, 0.62, -0.102, 0.792, -0.157, 0.894, -0.034, 0.849, -0.261, 0.741, -0.233, 0.662, -0.223, 0.726, -0.715088780437384, 0.658, -0.248,0
1, 0.747, -0.132, 0.538, 0.17, 0.727, 0.095, 0.696, -0.2694730752309489, 0.668, -0.235, 0.879, -0.3360215577613612, 0.737, 0.042, 0.63, -0.004, 0.636, -0.119, 0.792, -0.253, 0.664, -0.287, 0.672, -0.105, 0.618, -0.12, 0.601, -0.209, 0.375, -0.14524660332716222, 0.611, -0.014,0
1, 0.985, -0.027, 0.981, -0.041, 1.0, -0.076, 0.987, 0.4823415776440738, 0.953, -0.026, 0.985, -0.075, 0.994, -0.071, 0.974, -0.095, 0.973, -0.122, 0.993, -0.053, 0.953, 0.03929832881300199, 0.974, -0.083, 0.967, -0.1358664136230635, 0.935, -0.149, 0.971, -0.158, 0.968, 0.3135606472644863,0
1, 0.756, 0.496, 0.917165031171675, 0.543, 0.549, 0.721, 0.352, 0.708, 0.135, 0.947, -0.098, 0.938, -0.376, 0.822, -0.527, 0.712, -0.684, 0.68, -0.702, 0.25, -0.791, 0.03, -0.99, -0.291, -0.704, -0.2962589481138296, -0.633, -0.8920179814780173, -0.9970598104403028, -0.605, -0.8700114087830324, -0.63,0
1, 1.0, -0.012, 1.0, -0.003, 1.0, -0.016, 1.0, -0.016, 1.0, -0.7803974151100026, 1.0, -0.022, 0.998, -0.6614920375080529, 0.995, -0.032, 0.993, -0.035, 1.0, -0.039, 0.1336290210330926, -0.05, 1.0, -0.049, 0.998, -0.055, 0.994, -0.6394263607541626, 0.991, -0.065, 0.99, -0.067,0
1, 0.867, 0.36, 0.07711331850781877, 0.667, 0.372, 0.83, 0.086, 0.859, -0.241, 0.861, -0.518, 0.676, -0.687, 0.415, 0.552165712125638, 0.099, -0.694, -0.137, -0.495, -0.422, -0.325, -0.577, -0.028, -0.6, 0.154, -0.531, 0.323, -0.371, 0.462, -0.197, 0.41, 0.018,0
1, 0.896, 0.379, 0.673, 0.694, 0.359, 0.887, -0.042, 0.933, -0.389, 0.844, -0.673, 0.621, -0.827, 0.304, -0.862, -0.054, -0.736, -0.343, -0.518, -0.624, -0.234, -0.739, 0.069, -0.739, 0.335, -0.623, 0.524, -0.421, 0.612, -0.173, 0.601, 0.087,0
1, 0.745, 0.106, 0.887, 0.01, -0.7953943465359962, 0.015, 0.872, 0.04851961579372177, -0.7413156977252373, 0.106, 0.877, 0.029, 0.872, 0.034, 0.957, 0.078, 0.95, 0.043, 0.856, 0.047, 0.666685073093205, 0.052, 0.5621994946995283, 0.113, 0.834, 0.06, 0.745, -0.035, 0.817, 0.068, 0.808, 0.072,0
1, 0.328, 0.11, 0.16, 0.9086140724617555, 0.14, 0.745, -0.251, 0.92, -0.165, 0.267, -0.637, 0.249, -0.976, 0.37272439975587757, -0.232, -0.199, -0.305, -0.489, -0.144, -0.9, 0.093, -0.289, 0.283, -0.186, 0.396, -0.115, 0.31, 0.056, 0.214, 0.205, 0.134, 0.264,0
1, 0.961, 0.071, 1.0, 0.043, 1.0, 0.093, 0.902, -0.051, 0.893, 0.026, 0.832, -0.061, 0.875, 0.098, 0.765, 0.003, 0.752, -0.053, 0.66, -0.079, 0.642, -0.059, 0.557, -0.077, 0.581, -0.022, 0.497, -0.013, 0.513, -0.0, 0.521, -0.002,0
0, 1.0, 0.578, 1.0, -1.0, 1.0, -1.0, 1.0, -1.0, 1.0, -1.0, 1.0, 0.7541298008882742, 1.0, -1.0, 1.0, -1.0, 1.0, -1.0, 1.0, -0.628, 1.0, -1.0, 1.0, 0.26499824767583013, 1.0, -1.0, 1.0, -0.8588472786030842, 1.0, -1.0, 1.0, -1.0,1
1, 1.0, 0.098, 1.0, 0.122, 1.0, 0.226, 0.986, 0.092, 0.949, 0.192, 0.93, 0.243, 0.892, 0.283, 0.855, 0.267, -0.09679055053200347, 0.331, 0.7442223042585474, 0.8831034451450928, 0.748, -0.152687588043671, 0.762, 0.347, 0.685, 0.427, 0.628, -0.4560567502528561, 0.568, 0.47, 0.543, 0.509,0
1, 1.0, -0.148, 1.0, 0.049, 0.574, -0.016, 0.656, 0.016, 0.852, -0.033, 0.721, 0.0, 0.689, -0.164, 0.197, -0.148, 0.656, -0.172, 0.672, 0.033, 1.0, -0.295, 0.311, -0.344, 0.524, -0.203, 0.328, -0.033, 0.279, -0.443, 0.492, -0.066,1
0, 1.0, 1.0, 1.0, -1.0, 1.0, -1.0, 1.0, 1.0, 0.0, 0.0, 1.0, -1.0, 0.0, 0.0, 0.0, 0.0, 0.0, 0.0, -1.0, 1.0, 1.0, 1.0, 0.0, 0.0, 1.0, 1.0, 0.0, 0.0, -1.0, -1.0, 0.0, 0.0,1
0, 1.0, -1.0, 1.0, 1.0, 1.0, 1.0, 0.22664393885681489, 1.0, 1.0, 1.0, 1.0, -1.0, 1.0, 1.0, -0.8958769375215929, 1.0, 1.0, -1.0, 1.0, 0.5262284310362835, 1.0, -1.0, 1.0, -1.0, 1.0, 1.0, 1.0, -1.0, 1.0, 1.0, 1.0, 1.0,1
1, 0.881, -0.009, 0.6968720386961642, -0.025, 0.941, -0.018, 0.892, -0.128, 0.822, -0.109, 0.889, 0.012, 0.2733665311879867, 0.21830166392454453, 0.871, -0.061, 0.908, -0.024, 0.88, -0.146, 0.7755020991376373, 0.9364655744136463, 0.901, -0.195, 0.882, -0.149, 0.844, -0.129, 0.884, -0.185, 0.917, -0.168,0
1, 0.427, -0.5, 0.0, 0.0, 0.0, 0.5262846857137709, 0.465, 0.51, 0.59, 0.021, 0.0, 0.9721813923614522, 0.0, 0.0, 0.165, -0.454, 0.592, -0.183, 0.0, 0.0, -0.8939172639264532, 0.0, 0.988, -0.3299209413421156, 0.4960394966174009, -1.0, -0.279, 0.40750310789037103, 0.0, 0.0, 0.0, 0.0,1
1, -0.44745348474184365, 0.119, 0.857, 0.01, 0.6294269723886221, 0.015, 0.77, 0.2998892113798972, 0.845, 0.109, 0.833, 0.03, 0.827, 0.035, 0.748, 0.019, 0.8, 0.024, 0.809, 0.049, 0.803, 0.054, 0.773, 0.022, -0.0913009664722022, 0.062, 0.859, 0.093, 0.779, 0.071, 0.773, 0.075,0
