0.02, 0.037, 0.043, 0.021, 0.095, 0.099, 0.154, 0.16, 0.311, 0.211, 0.161, 0.6610260021344353, 0.224, 0.064, 0.066, 0.227, 0.31, 0.3, 0.508, 0.48, 0.578, 0.507, 0.433, 0.555, 0.671, 0.642, 0.71, 0.9253890676212937, 0.679, 0.386, 0.131, 0.26, 0.512, 0.755, 0.854, 0.851, 0.669, 0.61, 0.494, 0.274, 0.051, 0.283, 0.282, 0.426, 0.264, 0.139, 0.105, 0.134, 0.038, 0.032, 0.023, 0.0030, 0.0060, 0.016, 0.0070, 0.017, 0.018, 0.0080, 0.0090, 0.0030,0
0.045, 0.052, 0.084, 0.069, 0.118, 0.258, 0.216, 0.348, 0.334, 0.287, 0.492, 0.655, 0.692, 0.78, 0.746, 0.944, 0.9809582049378562, 0.887, 0.802, 0.782, 0.13917684469865096, 0.405, 0.396, 0.391, 0.325, 0.32, 0.327, 0.277, 0.442, 0.203, 0.379, 0.295, 0.198, 0.234, 0.131, 0.418, 0.384, 0.106, 0.184, 0.197, 0.167, 0.058, 0.14, 0.163, 0.062, 0.02, 0.053, 0.074, 0.041, 0.0060, 0.012, 0.0080, 0.0090, 0.0050, 0.0090, 0.019, 0.014, 0.0050, 0.0050, 0.0040,0
0.076, 0.2297395716178556, 0.048, 0.039, 0.059, 0.065, 0.121, 0.247, 0.356, 0.446, 0.14651228129200455, 0.395, 0.426, 0.414, 0.46158940133792103, 0.533, 0.731, 0.619, 0.203, 0.464, 0.415, 0.429, 0.573, 0.54, 0.316, 0.228, 0.7, 1.0, 0.726, 0.472, 0.51, 0.546, 0.288, 0.07303757115547489, 0.195, 0.418, 0.46, 0.322, 0.283, 0.243, 0.198, 0.244, 0.185, 0.084, 0.069, 0.053, 0.07217280450653583, 0.0080, 0.023, 0.0050, 0.016, 0.0030, 0.0050, 0.01, 0.011, 0.0020, 0.0070, 0.0050, 0.011, 0.0090,0
0.012, 0.015, 0.014, 0.0080, 0.021, 0.106, 0.102, 0.044, 0.093, 0.073, 0.074, 0.062, 0.106, 0.118, 0.172, 0.258, 0.323, 0.382, 0.424, 0.422, 0.445, 0.408, 0.331, 0.401, 0.447, 0.522, 0.755, 0.95, 1.0, 0.908, 0.9381372026340424, 0.757, 0.726, 0.615, 0.568, 0.576, 0.532, 0.367, 0.167, 0.087, 0.065, 0.25270693365314667, 0.268, 0.289, 0.234, 0.167, 0.102, 0.12, 0.07, 0.017, 0.011, 0.0386741938310848, 0.0020, 0.0080, 0.0060, 0.0030, 0.0030, 0.03104971267353969, 0.0070, 0.0040,0
0.015, 0.032, 0.06, 0.105, 0.116, 0.173, 0.08128442716465435, 0.112, 0.089, 0.12, 0.085, 0.152, 0.23, 0.279, 0.34, 0.453, 0.4295871018233214, 0.881, 0.915, 0.754, 0.674, 0.715, 0.834, 0.77, 0.699, 0.654, 0.504, 0.493, 0.499, 0.416, 0.163, 0.04, 0.064, 0.296, 0.361, 0.187, 0.048, 0.15, 0.13319530725483672, 0.198, 0.318, 0.238, 0.172, 0.156, 0.156, 0.042, 0.049, 0.048, 0.022, 0.0060, 0.0090, 0.0060, 0.0020, 0.0080, 0.013, 0.0050, 0.0010, 0.0020, 0.0020, 0.0060,0
0.018, 0.03, 0.029, 0.039, 0.063, 0.053, 0.10367318427857784, 0.063, 0.062, 0.061, 0.168, 0.348, 0.456, 0.519, 0.631, 0.72, 0.515, 0.382, 0.264, 0.334, 0.486, 0.663, 0.739, 0.921, 1.0, 0.775, 0.559, 0.617, 0.864, 0.659, 0.477, 0.498, 0.333, 0.308, 0.288, 0.223, 0.079, 0.06, 0.105, 0.061, 0.153, 0.098, 0.164, 0.19, 0.111, 0.192, 0.147, 0.039, 0.036, 0.027, 0.017, 0.01, 0.012, 0.0040, 0.0080, 0.023408191478906246, 0.01, 0.0060, 0.0030, 0.0020,0
0.019, 0.031, 0.02, 0.062, 0.0080, 0.079, 0.144, 0.145, 0.6369973324348679, 0.252, 0.261, 0.371, 0.391, 0.267, 0.272, 0.418, 0.699, 0.573, 0.5953000017940766, 0.263, 0.747, 0.726, 0.339, 0.282, 0.605, 0.59, 0.497, 0.862, 0.834, 0.408, 0.227, 0.174, 0.051, 0.159, 0.304, 0.137, 0.16, 0.206, 0.073, 0.02, 0.164, 0.158, 0.183, 0.189, 0.101, 0.066, 0.018, 0.04, 0.011, 0.014, 0.0090, 0.0040, 0.01, 0.014, 0.019, 0.014, 0.03130542465283196, 0.0090, 0.010651700843742978, 0.0080,0
0.033, 0.022, 0.027, 0.048, 0.068, 0.2361472588307567, 0.084, 0.117, 0.076, 0.092, 0.148, 0.052, 0.112, 0.097, 0.117, 0.168, 0.164, 0.12, 0.049, 0.154, 0.348, 0.615, 0.915, 0.936, 0.868, 0.877, 0.855, 0.883, 1.0, 0.83, 0.66, 0.55, 0.572, 0.686, 0.682, 0.514, 0.275, 0.136, 0.155, 0.265, 0.199, 0.188, 0.275, 0.1859490410019525, 0.058, 0.07, 0.06, 0.046, 0.0020, 0.0070, 0.0040, 0.0020, 0.0030, 0.0060, 0.0050, 0.0060, 0.014, 0.013, 0.0050, 0.0040,0
0.031, 0.034, 0.02, 0.089, 0.157, 0.175, 0.092, 0.135, 0.159, 0.28, 0.334, 0.294, 0.161, 0.334, 0.498, 0.73, 0.735, 0.825, 0.879, 0.966, 1.0, 0.871, 0.647, 0.597, 0.822, 0.776, 0.611, 0.42, 0.6406152058380226, 0.135, 0.244, 0.562, 0.556, 0.696, 0.73, 0.702, 0.547, 0.142, 0.474, 0.641, 0.438, 0.318, 0.238, 0.281, 0.137, 0.114, 0.103, 0.069, 0.042, 0.034535541382742944, 0.0070, 0.017, 0.013, 0.014, 0.0090, 0.0050, 0.0030, 0.012, 0.008876184020395432, 0.0020,0
0.035, 0.071, 0.033, 0.027, 0.037, 0.079, 0.108, 0.069, 0.03, 0.088, 0.108, 0.098, 0.225, 0.282, 0.21, 0.124, 0.17, 0.094, 0.109, 0.141, 0.127, 0.315, 0.143, 0.226, 0.576, 0.788, 0.716, 0.6, 0.558, 0.63, 0.766, 0.894, 0.844, 0.681, 0.838, 1.0, 0.95, 0.787, 0.565, 0.348, 0.258, 0.23, 0.295, 0.336, 0.302, 0.219, 0.132, 0.108, 0.056, 0.0040, 0.01, 0.016, 0.024, 0.0040, 0.02, 0.011, 0.0040, 0.01, 0.0090, 0.0050,0
0.013, 0.0070, 0.031, 0.031, 0.0080, 0.077, 0.077, 0.064, 0.073, 0.09, 0.075, 0.084, 0.123, 0.162, 0.232, 0.293, 0.353, 0.366, 0.322, 0.309, 0.408, 0.428, 0.1876818344676126, 0.596, 0.695, 0.839, 0.888, 0.64, 0.331, 0.342, 0.492, 0.459, 0.303, 0.437, 0.518, 0.512, 0.475, 0.49, 0.46, 0.446, 0.42, 0.287, 0.23, 0.095, 0.01, 0.053, 0.038, 0.011, 0.011, 0.0080, 0.015415608001736834, 0.0060, 0.0030, 0.0040, 0.0080, 0.0040, 0.0050, 0.0010, 0.0050, 0.0020,0
0.0090, 0.0050, 0.0080, 0.023, 0.059, 0.068, 0.099, 0.072, 0.009343035331541448, 0.082, 0.132, 0.186, 0.279, 0.258, 0.224, 0.257, 0.293, 0.299, 0.9357368622847685, 0.469, 0.566, 0.646, 0.677, 0.758, 0.886, 0.3120605824748195, 1.0, 0.856, 0.679, 0.559, 0.415, 0.295, 0.202, 0.7012162540201601, 0.117, 0.216, 0.222, 0.278, 0.231, 0.144, 0.151, 0.174, 0.176, 0.142, 0.091, 0.014, 0.047, 0.048, 0.016, 0.0040, 0.0020, 0.0050, 0.0040, 0.0080, 0.011, 0.0050, 0.02349967099807683, 0.0060, 0.0060, 0.0030,0
0.015, 0.01, 0.011, 0.026, 0.01, 0.039, 0.086, 0.092, 0.095, 0.15, 0.191, 0.212, 0.225, 0.257, 0.17, 0.202, 0.254, 0.342, 0.403, 0.455, 0.552, 0.599, 0.585, 0.711, 0.95, 0.986, 1.0, 0.958, 0.864, 0.713, 0.589, 0.432, 0.29, 0.174, 0.077, 0.23, 0.46289467037839227, 0.31, 0.331, 0.222, 0.087, 0.206, 0.181, 0.162, 0.112, 0.082, 0.112, 0.095, 0.041, 0.012, 0.0050, 0.0050, 0.0040, 0.0040, 0.0010, 0.0050, 0.0040, 0.0010, 0.0030, 0.0030,0
0.012, 0.015, 0.022, 0.018, 0.036, 0.07, 0.087, 0.062, 0.125, 0.13, 0.089, 0.05, 0.063, 0.127, 0.08, 0.074, 0.205, 0.295, 0.319, 0.457, 0.596, 0.71, 0.822, 0.842, 0.906, 0.98, 1.0, 0.875, 0.758, 0.662, 0.579, 0.513, 0.478, 0.499, 0.52, 0.507, 0.458, 0.35, 0.184, 0.189, 0.197, 0.104, 0.055, 0.049, 0.062, 0.05, 0.02869133997445259, 0.022, 0.01, 0.0050, 0.0020, 0.0040, 0.0070, 0.0030, 0.0050, 0.0050, 0.0020, 0.0040, 0.015724515891569785, 0.0060,0
0.013, 0.0010, 0.0090, 0.046, 0.052, 0.078, 0.093, 0.094, 0.171, 0.148, 0.153, 0.11, 0.089, 0.124, 0.12, 0.114, 0.214, 0.284, 0.364, 0.13523821644420692, 0.667, 0.798, 0.927, 0.903, 0.919, 1.0, 0.47876922292606183, 0.909, 0.818, 0.696, 0.59, 0.545, 0.514, 0.539, 0.553, 0.532, 0.483, 0.379, 0.183, 0.175, 0.168, 0.067, 0.061, 0.038, 0.053, 0.028, 0.018, 0.011, 0.0070, 0.012, 0.0090, 0.0080, 0.0040, 0.0010, 0.0010, 0.0040, 0.0040, 0.0020, 0.0020, 0.0020,0
0.0070, 0.01, 0.014, 0.25539127466860023, 0.025, 0.081, 0.07, 0.074, 0.012, 0.09, 0.5519669031333101, 0.155, 0.144, 0.104, 0.142, 0.123, 0.089, 0.205, 0.083, 0.152, 0.303, 0.161, 0.067, 0.143, 0.04, 0.165, 0.34, 0.486, 0.521, 0.551, 0.61, 0.599, 0.676, 0.89, 1.0, 0.952, 0.846, 0.707, 0.67, 0.633, 0.51, 0.416, 0.282, 0.17, 0.142, 0.097, 0.088, 0.086, 0.036, 0.023, 0.025, 0.0040, 0.0050, 0.0080, 0.012, 0.01, 0.0050, 0.0030, 0.0070, 0.006099978306819679,0
0.011, 0.0090, 0.0060, 0.046, 0.075, 0.089, 0.102, 0.049, 0.047, 0.039, 0.111, 0.141, 0.22, 0.298, 0.412, 0.475, 0.539, 0.628, 0.706, 0.792, 0.949, 1.0, 0.964, 0.943, 0.866, 0.79, 0.7616918146949475, 0.449, 0.474, 0.615, 0.493, 0.32, 0.374, 0.334, 0.105, 0.067, 0.038, 0.046, 0.169, 0.217, 0.168, 0.064, 0.016, 0.078, 0.065, 0.021, 0.051, 0.039, 0.026, 0.01, 0.016, 0.0030, 0.0080, 0.011, 0.0080, 0.0060, 0.0, 0.0020, 0.0030, 0.0030,0
0.027, 0.024, 0.062, 0.056, 0.113, 0.14489871561687875, 0.182, 0.174, 0.144, 0.181, 0.237, 0.091, 0.175, 0.401, 0.519, 0.731, 0.906, 0.926, 0.743, 0.446, 0.51, 0.695, 0.776, 0.5059480425384706, 0.728, 0.64, 0.576, 0.415, 0.6278794241337756, 0.444, 0.266, 0.202, 0.05170364267651542, 0.076, 0.372, 0.584, 0.483, 0.235, 0.1, 0.324, 0.399, 0.298, 0.168, 0.176, 0.168, 0.073, 0.119, 0.13, 0.075, 0.0070, 0.026, 0.011, 0.011, 0.0080, 0.0050, 0.0070, 0.01, 0.016, 0.022, 0.017,0
0.013, 0.052, 0.062, 0.052, 0.24091988844143225, 0.259, 0.23, 0.207, 0.342, 0.428, 0.302, 0.121, 0.33, 0.571, 0.696, 0.975, 1.0, 0.929, 0.621, 0.459, 0.5, 0.503, 0.708, 0.842, 0.811, 0.769, 0.81, 0.62, 0.236, 0.5703670943720189, 0.63, 0.676, 0.29, 0.439, 0.853, 0.718, 0.48, 0.586, 0.499, 0.287, 0.06, 0.2190624760994833, 0.274, 0.20059327706708419, 0.208, 0.066, 0.049, 0.034, 0.017, 0.029, 0.0030, 0.021, 5.646415233064074E-4, 0.02, 0.013, 0.0020, 0.0040, 0.0030, 0.011, 0.0080,0
0.029, 0.04, 0.077, 0.081, 0.052, 0.105, 0.014, 0.067, 0.129, 0.115, 0.094, 0.079, 0.025, 0.119, 0.104, 0.205, 0.156, 0.269, 0.378, 0.402, 0.347, 0.14, 0.9632842916984308, 0.283, 0.15, 0.9626827865966323, 0.447, 0.752, 0.904, 0.781, 0.477, 0.248, 0.537, 0.628, 0.365, 0.457, 0.636, 0.647, 0.552, 0.325, 0.229, 0.065, 0.0, 0.0, 0.0, 0.0, 0.0, 0.0, 0.0, 0.0, 0.0, 0.0060, 0.024, 0.02, 0.0050, 0.004935005140708528, 0.016, 0.0080, 0.014, 0.011,0
0.03957706846170525, 0.042, 0.047, 0.082, 0.084, 0.076, 0.037, 0.04250500832579681, 0.055, 0.6587397322067384, 0.09, 0.173, 0.194, 0.28, 0.331, 0.502, 0.636, 0.71, 0.833, 0.873, 0.807, 0.751, 0.1983733928348807, 0.73, 0.618, 0.495, 0.453, 0.41, 0.454, 0.412, 0.314, 0.319, 0.369, 0.378, 0.447, 0.478, 0.472, 0.466, 0.7311844820466789, 0.426, 0.406, 0.371, 0.386, 0.28, 0.128, 0.112, 0.13, 0.079, 0.044, 0.022, 0.02930672101893153, 0.0080, 0.017, 0.018, 0.0040, 0.013, 0.0070, 0.0040, 0.013, 0.0090,1
0.021, 0.012, 0.02, 0.104, 0.168, 0.042, 0.072, 0.083, 0.049, 0.069, 0.112, 0.174, 0.271, 0.309, 0.358, 0.5, 0.601, 0.647, 0.807, 0.901, 0.891, 0.934, 1.0, 0.91, 0.85, 0.787, 0.769, 0.772, 0.627, 0.43, 0.208, 0.12, 0.166, 0.262, 0.386, 0.396, 0.325, 0.23, 0.325, 0.402, 0.434, 0.401, 0.337, 0.252, 0.21, 0.118, 0.115, 0.055, 0.1654152977898287, 0.018, 0.01, 0.012, 0.02820726950657723, 0.0060, 0.0030, 0.01, 0.0080, 0.011, 0.016, 0.013,1
0.053, 0.088, 0.2, 0.26, 0.322, 0.225, 0.062, 0.229, 0.095, 0.074, 0.32169981263617514, 0.223, 0.27, 0.336, 0.427, 0.414, 0.566, 0.692, 0.855, 0.923, 0.917, 1.0, 0.953, 0.91, 0.834, 0.705, 0.653, 0.448, 0.246, 0.202, 0.10431720246661388, 0.099, 0.151, 0.239, 0.443, 0.502, 0.444, 0.457, 0.1380501889293199, 0.29, 0.341, 0.499, 0.363, 0.139, 0.18, 0.13, 0.052, 0.308738157710698, 0.047, 0.011, 0.03, 0.024, 0.02, 0.026, 0.0080, 0.015, 0.017, 0.015, 0.013, 0.0060,1
0.028, 0.06, 0.066, 0.023, 0.084, 0.167, 0.115, 0.11, 0.137, 0.177, 0.2, 0.287, 0.328, 0.377, 0.417, 0.504, 0.618, 0.802, 0.933, 0.94, 0.928, 0.945, 0.833, 0.777, 0.701, 0.615, 0.581, 0.445, 0.371, 0.289, 0.218, 0.171, 0.358, 0.395, 0.287, 0.24, 0.362, 0.331, 0.376, 0.477, 0.406, 0.5567277574536221, 0.232, 0.145, 0.102, 0.111, 0.066, 0.12043719329741719, 0.024, 0.018, 0.011, 0.015, 0.03451803111692845, 0.016, 0.0050, 0.0070, 0.0050, 0.0030, 0.0040, 0.0080,1
0.021, 0.026, 0.012, 0.077, 0.106, 0.168, 0.302, 0.346, 0.331, 0.412, 0.394, 0.133, 0.462, 0.997, 0.914, 0.829, 0.7412838064183676, 0.782, 0.879, 0.85, 0.892, 0.947, 1.0, 0.898, 0.781, 0.832, 0.2781272051013371, 0.455, 0.473, 0.6312477939241212, 0.275, 0.098, 0.048, 0.14, 0.183, 0.215, 0.127, 0.191, 0.339, 0.344, 0.237, 0.12, 0.266, 0.259, 0.139, 0.108, 0.138, 0.132, 0.107, 0.032, 0.032, 0.0060, 0.016, 0.0080, 0.037, 0.01, 0.013, 0.029, 0.013, 0.0020,1
0.108, 0.107, 0.026, 0.084, 0.075, 0.112, 0.332, 0.459, 0.553, 0.597, 0.53, 0.225, 0.24, 0.269, 0.665, 0.8647790355695828, 0.999580213040947, 0.084, 0.433, 0.872, 0.799, 0.371, 0.17, 0.161, 0.209, 0.285, 0.221, 0.613, 0.581, 0.692, 0.382, 0.43, 0.779, 0.87, 1.0, 0.921, 0.939, 0.6106361467592968, 0.731, 0.479, 0.5633240244200742, 0.202, 0.167, 0.287, 0.437, 0.31, 0.158, 0.055, 0.033, 0.021, 0.017, 0.018, 0.011, 0.023, 0.028, 0.0030, 0.0080, 0.012, 0.0080, 0.012906466576947474,1
0.043, 0.09, 0.083, 0.081, 0.016, 0.028, 0.14651755844045375, 0.206, 0.389, 0.711, 0.734, 0.1900137376440721, 0.3, 0.195, 0.277, 0.374, 0.251, 0.251, 0.329, 0.487, 0.653, 0.845, 0.974, 1.0, 0.666, 0.532, 0.402, 0.344, 0.424, 0.418, 0.439, 0.116, 0.434, 0.655, 0.617, 0.437, 0.412, 0.364, 0.457, 0.437, 0.296, 0.431, 0.416, 0.182, 0.149, 0.014, 0.116, 0.205, 0.107, 0.02, 0.021, 0.018, 0.02, 0.021, 0.014, 0.0050, 0.0030, 0.016, 0.0060, 0.0020,1
0.10470531383988108, 0.094, 0.062, 0.042, 0.1, 0.243, 0.178, 0.202, 0.261, 0.129, 0.265, 0.278, 0.443, 0.367, 0.204, 0.276, 0.325, 0.154, 0.278, 0.351, 0.519, 0.705, 0.30590147276825774, 0.681, 0.51, 0.531, 0.613, 0.839, 0.903, 0.861, 0.966, 0.917, 0.713, 0.69, 0.731, 0.413, 0.158, 0.182, 0.138, 0.296, 0.694, 0.825, 0.535, 0.44, 0.645, 0.621, 0.302, 0.138, 0.036, 0.036, 0.046, 0.043, 0.027, 0.015, 0.012, 0.013, 0.0020, 0.011, 0.0070, 0.0080,1
0.03, 0.069, 0.14294205349985092, 0.102, 0.08, 0.063, 0.013, 0.081, 0.176, 0.1, 0.052, 0.09, 0.266, 0.31, 0.352, 0.389, 0.05120894869934045, 0.245, 0.236, 0.304, 0.311, 0.47, 0.553, 0.453, 0.446, 0.467, 0.462, 0.699, 0.763, 0.702, 0.738, 0.745, 0.793, 0.523, 0.9750615991058438, 0.304, 0.131, 0.241, 0.178, 0.16, 0.566, 0.644, 0.424, 0.457, 0.576, 0.529, 0.329, 0.128, 0.005199204034916871, 0.061958170398594394, 0.034, 0.05498273873701289, 0.028, 0.017, 0.0090, 0.0050, 0.02, 0.013, 0.012, 0.0020,1
0.102, 0.083, 0.11414389410990847, 0.063, 0.064, 0.133, 0.099, 0.179, 0.12, 0.137, 0.251, 0.263, 0.28, 0.298, 0.03157406209143206, 0.313, 0.396, 0.209, 0.322, 0.334, 0.318, 0.289, 0.361, 0.257, 0.411, 0.459, 0.1793707913987736, 0.728, 0.759, 0.658, 0.751, 0.667, 0.49, 0.596, 0.655, 0.401, 0.119, 0.324, 0.311, 0.135, 0.4979603153723199, 0.799, 0.752, 0.551, 0.586, 0.729, 0.552, 0.334, 0.12234492310517117, 0.048, 0.1, 0.071, 0.032, 0.031, 0.025, 0.0090, 0.018, 0.021, 0.023, 0.011,1
0.012, 0.0070, 0.028, 0.058, 0.092, 0.127, 0.158, 0.193, 0.236, 0.217, 0.118, 0.075, 0.278, 0.376, 0.509, 0.659, 0.707, 0.753, 0.836, 0.859, 0.962, 0.984, 0.87, 0.322661807126054, 0.507, 0.54, 0.693, 0.849, 0.4450876563920378, 0.596, 0.295, 0.276, 0.288, 0.189, 0.145, 0.096, 0.089, 0.084, 0.089, 0.155, 0.232, 0.222, 0.104, 0.172, 0.202, 0.179, 0.111, 0.04, 0.1211248566236172, 0.027663396309051524, 0.0040, 0.0050, 0.0030, 0.0020, 0.019455172204984158, 0.0030, 0.0020, 0.0060, 0.0030, 0.0050,1
0.011, 0.045, 0.029, 0.071, 0.108, 0.102, 0.161, 0.212, 0.306, 0.294, 0.31, 0.343, 0.246, 0.189, 0.118, 0.208, 0.274, 0.327, 0.234, 0.126, 0.058, 0.124, 0.324, 0.436, 0.573, 0.782, 0.925, 0.935, 0.935, 1.0, 0.931, 0.848, 0.76, 0.704, 0.754, 0.799, 0.767, 0.596, 0.473, 0.484, 0.434, 0.395, 0.484, 0.538, 0.448, 0.267, 0.154, 0.136, 0.094, 0.026, 0.0080, 0.016, 0.012, 0.011, 0.0020, 0.01, 0.0070, 0.0060, 0.0020, 0.0040,1
0.011882636438096556, 0.0060, 0.016, 0.049, 0.052, 0.085, 0.081, 0.183, 0.223, 0.181, 0.255, 0.298, 0.262, 0.189, 0.067, 0.267, 0.427, 0.629, 0.778, 0.769, 0.81, 0.849, 0.944, 0.945, 0.966, 0.804, 0.497, 0.396, 0.386, 0.557, 0.731, 0.855, 0.942, 0.873, 0.667, 0.469, 0.155, 0.175, 0.361, 0.521, 0.518, 0.37, 0.224, 0.082, 0.04, 0.078, 0.37367489032951995, 0.103, 0.076, 0.022, 0.017, 0.0090, 0.0050, 0.0020, 0.0080, 0.0060, 0.0020, 0.0070, 0.0070, 0.0040,1
0.1057627751319117, 0.03, 0.012, 0.0080, 0.024, 0.025, 0.028, 0.013, 0.049, 0.087, 0.11, 0.108, 0.109, 0.102, 0.06, 0.091, 0.131, 0.276, 0.366, 0.527, 0.581, 0.618, 0.588, 0.464, 0.542, 0.737, 0.909, 1.0, 0.825, 0.544, 0.335, 0.088, 0.16, 0.339769693575513, 0.658, 0.739, 0.796, 0.749, 0.9829787063458885, 0.471, 0.236, 0.17, 0.273, 0.402, 0.412, 0.347, 0.274, 0.179, 0.092, 0.028, 0.017, 0.0080, 0.0040, 0.0020, 0.0040, 0.0060, 0.0070, 0.0040, 0.0040, 0.0030,1
0.033, 0.022, 0.039, 0.063, 0.116, 0.148, 0.205, 0.16, 0.253, 0.267, 0.306, 0.316, 0.231, 0.207, 0.18, 0.281, 0.442, 0.595, 0.66, 0.584, 0.454, 0.479, 0.565, 0.528, 0.833144097304238, 1.0, 0.956, 0.609, 0.511, 0.4, 0.048, 0.185, 0.219, 0.144, 0.176, 0.143, 0.164, 0.309, 0.365, 0.444, 0.386, 0.281, 0.124, 0.095, 0.12, 0.082, 0.062, 0.014, 0.011, 0.012, 0.01, 0.01, 0.015, 0.0060, 0.0020, 0.0050, 0.0020, 0.0040, 0.0050, 0.0070,1
0.019, 0.017, 0.029, 0.03, 0.046, 0.069, 0.058, 0.11, 0.242, 0.313, 0.479, 0.3820475997426658, 0.439, 0.344, 0.287, 0.389, 0.442, 0.389, 0.409, 0.501, 0.727, 0.938, 1.0, 0.983, 0.993, 0.916, 0.824, 0.696, 0.454, 0.7047217977744811, 0.252, 0.396, 0.155449116089253, 0.331, 0.9703272410725075, 0.192, 0.321, 0.337, 0.568, 0.55, 0.323, 0.045, 0.313, 0.339, 0.5188511647241775, 0.364, 0.12496482870098317, 0.086, 0.06, 0.027, 0.012, 0.0040, 0.014, 0.014, 0.017, 0.013, 0.011, 0.012, 0.011, 0.0070,1
0.064, 0.071, 0.045, 0.033, 0.018, 0.126, 0.102, 0.192, 0.336, 0.39, 0.467, 0.563, 0.551, 0.434, 0.305, 0.349, 0.398, 0.388, 0.528, 0.72, 0.77, 0.856, 0.869, 0.924, 1.0, 0.966, 0.982, 0.736, 0.416, 0.292, 0.328, 0.369, 0.345, 0.286, 0.5689856203596539, 0.372, 0.465, 0.349, 0.182, 0.114, 0.122, 0.262, 0.446, 0.473, 0.326, 0.142, 0.039, 0.041, 0.031, 0.0090, 0.015, 0.0050, 0.0020, 0.0090, 0.0070, 0.01, 0.0090, 0.0080, 0.0040, 0.0050,1
0.031, 0.022, 0.11806717450266406, 0.019, 0.096, 0.183, 0.111, 0.17, 0.28, 0.443, 0.298960395490043, 0.561, 0.538, 0.405, 0.224, 0.178, 0.23, 0.272, 0.521, 0.69, 0.82, 0.878, 0.76, 0.762, 0.715, 0.729, 0.869, 0.951, 0.835, 0.573, 0.436, 0.429, 0.424, 0.8574743423956619, 0.129, 0.148, 0.206, 0.24, 0.517, 0.517, 0.149, 0.241, 0.342, 0.449, 0.462, 0.2, 0.078, 0.123, 0.078, 0.0090, 0.025, 0.05004337403342206, 0.0060, 0.0050, 0.0080, 0.0040, 0.0020, 0.0060, 0.0070, 0.0050,1
0.0090, 0.027, 0.025, 0.024, 0.022, 0.084, 0.149, 0.122, 0.157, 0.212, 0.3, 0.309, 0.274, 0.255, 0.187, 0.6317009985085347, 0.146, 0.243, 0.326, 0.368, 0.336, 0.31, 0.391, 0.528, 0.641, 0.771, 0.875, 1.0, 0.981, 0.697, 0.497, 0.502, 0.536, 0.384, 0.185, 0.115, 0.15196548147172795, 0.131, 0.158, 0.263, 0.31, 0.451, 0.378, 0.127, 0.146, 0.109, 0.148, 0.138, 0.072, 0.018, 0.02, 0.01, 0.01, 0.0090, 0.0020, 0.0040, 0.0020, 0.0070, 0.0060, 0.0020,1
0.039, 0.011, 0.027, 0.026, 0.041, 0.049, 0.2260483250629735, 0.169, 0.21, 0.247, 0.268, 0.305, 0.286, 0.229, 0.116, 0.213, 0.206, 0.222, 0.324, 0.433, 0.507, 0.594, 0.708, 0.764, 0.888, 0.971, 0.988, 0.981, 0.946, 0.854, 0.646, 0.34, 0.383, 0.32, 0.133, 0.044, 0.123, 0.203, 0.165, 0.104, 0.6435217133610328, 0.211, 0.242, 0.163, 0.077, 0.072, 0.091, 0.081, 0.05, 0.01, 0.0090, 0.0080, 0.0080, 0.0030, 0.0080, 0.0040, 0.0070, 0.0040, 0.0020, 0.0010,1
0.034, 0.026, 0.04, 0.057, 0.053, 0.08962334304852954, 0.171, 0.168, 0.186, 0.3135339701917334, 0.319, 0.355, 0.312, 0.196, 0.178, 0.279, 0.287, 0.397, 0.56, 0.694, 0.797, 0.745, 0.82, 0.926, 0.881, 0.881, 0.93, 0.996, 0.858, 0.607, 0.393, 0.246, 0.164, 0.114, 0.096, 0.0080, 0.07, 0.094, 0.089, 0.113, 0.087, 0.102, 0.196, 0.226, 0.181, 0.201, 0.169, 0.104, 0.05, 0.014, 0.013, 0.012, 0.0040, 0.0050, 0.0060, 0.0050, 0.0040, 0.0020, 0.0, 0.0030,1
0.052, 0.20495802153622686, 0.018, 0.029, 0.035, 0.117, 0.126, 0.118, 0.44068944603802856, 0.253, 0.272, 0.237, 0.188, 0.098, 0.068, 0.15, 0.172, 0.234, 0.196, 0.14, 0.6144719162137415, 0.589, 0.763, 0.847, 0.942, 0.999, 0.97, 1.0, 0.863, 0.698, 0.772, 0.73, 0.52, 0.179, 0.11, 0.145, 0.107, 0.144, 0.193, 0.032, 0.149, 0.033, 0.054, 0.131, 0.091, 0.076, 0.106, 0.1, 0.054, 0.024, 0.016, 0.016, 0.0030, 0.0050, 0.0060, 0.0090, 0.014, 0.003612005093975925, 0.0080, 0.0030,1
0.029, 0.045, 0.028, 0.017, 0.038, 0.099, 0.12, 0.183, 0.21, 0.304, 0.299, 0.425, 0.634, 0.82, 1.0, 0.999, 0.951, 0.902, 0.723, 0.512, 0.207, 0.398, 0.589, 0.287, 0.204, 0.578, 0.539, 0.375, 0.341, 0.507, 0.558, 0.478, 0.33, 0.22, 0.1854143612616263, 0.286, 0.381, 0.416, 0.405, 0.33, 0.271, 0.265, 0.46328235026408976, 0.124, 0.119, 0.109, 0.062, 0.049, 0.026, 0.0080, 0.01, 0.0040, 0.0010, 0.0040, 0.0010, 0.0090, 0.0060, 0.0030, 0.0050, 0.0060,0
0.035, 0.012, 0.019, 0.047, 0.074, 0.118, 0.168, 0.154, 0.147, 0.291, 0.233, 0.224, 0.247, 0.156, 0.349, 0.331, 0.23, 0.22, 0.249, 0.413, 0.316, 0.47943434841824567, 0.585, 0.34, 0.256, 0.56, 0.814, 0.694, 0.698, 0.866, 0.593, 0.366, 0.675, 0.87, 0.784, 0.755, 0.579, 0.471, 0.125, 0.609, 0.732, 0.598, 0.343, 0.18, 0.238, 0.342, 0.23, 0.069, 0.022, 0.047, 0.043, 0.035, 0.016, 0.015, 0.011, 0.0050, 0.01, 0.0020, 0.0070, 0.0070,0
0.047, 0.051, 0.082, 0.125, 0.32099636761937206, 0.307, 0.301, 0.236, 0.383, 0.376, 0.302, 0.291, 0.23, 0.141, 0.158, 0.243, 0.447, 0.596, 0.674, 0.797, 0.832, 0.781, 0.863, 0.8462895646370691, 0.412, 0.26, 0.339, 0.379, 0.449, 0.628, 0.745, 0.733, 0.77, 0.787, 0.605, 0.586, 0.638, 0.728, 0.629, 0.532, 0.407, 0.179, 0.162, 0.253, 0.19, 0.164, 0.06, 0.021, 0.044, 0.018, 0.011, 0.019, 0.012, 0.0060, 0.017186083122199887, 0.0050, 0.0050, 0.0080, 0.0030, 0.0030,0
0.066, 0.058, 0.15378175086336718, 0.037, 0.046, 0.077, 0.077, 0.113, 0.235, 0.184, 0.287, 0.413, 0.365, 0.198, 0.284, 0.404, 0.584, 0.679, 0.8678336895503648, 0.486, 0.325, 0.201, 0.208, 0.169, 0.248, 0.274, 0.298, 0.466, 0.699, 0.747, 0.796, 0.798, 0.672, 0.694, 0.744, 0.817, 0.891, 1.0, 0.875, 0.706, 0.68, 0.59, 0.462, 0.364, 0.149, 0.122, 0.131, 0.12, 0.058, 0.024, 0.014, 0.014, 0.019, 0.0040, 0.0040, 0.0030, 0.0020, 0.016, 0.011, 0.0080,0
0.01, 0.048, 0.03, 0.03, 0.065, 0.108, 0.236, 0.238, 0.0080, 0.188, 0.146, 0.189, 0.318, 0.134, 0.217, 0.710691176993002, 0.259, 0.279, 0.504420276666158, 0.066, 0.144, 0.118, 0.167, 0.178, 0.6777996968808118, 0.257, 0.104, 0.36019861085810667, 0.712, 0.629, 0.476, 0.602, 0.721, 0.623, 0.572, 0.752, 0.871, 0.925, 0.971, 0.93, 0.9, 0.791, 0.56, 0.284, 0.441, 0.551, 0.433, 0.29, 0.198, 0.078, 0.04, 0.017, 0.015, 0.012, 0.02, 0.014, 0.0030, 0.016, 0.011, 0.013,0
0.029, 0.064, 0.039, 0.017, 0.048, 0.082, 0.099, 0.032, 0.074, 0.086, 0.041, 0.24484978006380834, 0.084, 0.094, 0.11257514582354929, 0.081, 0.118, 0.218, 0.333, 0.326, 0.211, 0.23, 0.336, 0.426, 0.461, 0.261, 0.087, 0.286, 0.561, 0.834, 0.48629759763234703, 0.725, 0.805, 0.944, 1.0, 0.896, 0.552, 0.304, 0.234, 0.238, 0.332, 0.382, 0.158, 0.223, 0.158, 0.143, 0.163, 0.113, 0.057, 0.013, 0.017, 0.0040, 0.0050, 0.0080, 0.0080, 0.0080, 0.01, 0.016, 0.01, 0.0010,0
0.02, 0.0030, 0.014, 0.0060, 0.013, 0.015, 0.054, 0.021, 0.6659279749381655, 0.11, 0.084, 0.094, 0.12, 0.042, 0.0030, 0.016, 0.062, 0.213, 0.344, 0.381, 0.382, 0.476, 0.631, 0.752, 0.868, 0.879, 0.79, 0.2746442397960099, 0.963, 0.962, 0.924, 0.89, 0.971, 0.965, 0.789, 0.531, 0.272, 0.195, 0.137, 0.31, 0.379, 0.41, 0.336, 0.24665700715935254, 0.14851038760657198, 0.202, 0.104, 0.045, 0.034, 0.012, 0.0070, 0.011, 0.0070, 0.0060, 0.0030, 0.0010, 0.0010, 0.0020, 0.0060, 0.0040,0
0.0090, 0.017, 0.04, 0.036, 0.068, 0.071, 0.102, 0.089, 0.038, 0.133, 0.13, 0.027, 0.064, 0.071, 0.12, 0.072, 0.122, 0.235, 0.368, 0.392, 0.492, 0.879, 0.961, 0.879, 0.69, 0.694, 0.22378517061094405, 0.654, 0.78, 0.758, 0.584, 0.632, 0.811, 0.904, 0.865, 0.67, 0.403, 0.237, 0.268, 0.366, 0.327, 0.22, 0.3, 0.22, 0.116, 0.064, 0.046, 0.042, 0.017, 0.017, 0.013, 0.014, 0.019, 0.014, 0.0060, 0.013, 0.022, 0.0090, 0.0080, 0.012,0
0.0090, 0.021, 0.021, 0.05, 0.066, 0.08, 0.097, 0.087, 0.074, 0.084, 0.158, 0.09, 0.031, 0.186, 0.297, 0.203, 0.126, 0.166, 0.166, 0.209, 0.231, 0.446, 0.663, 0.693, 0.766, 0.821, 0.705, 0.756, 0.747, 0.639, 0.485, 0.333, 0.536, 0.874, 0.857, 0.672, 0.345, 0.315, 0.27, 0.26, 0.274, 0.359, 0.438, 0.246, 0.076, 0.019, 0.08, 0.075, 0.037, 0.016, 0.03, 0.011, 0.011, 0.01, 0.0030, 0.01, 0.01, 0.0040, 0.0070, 0.011,0
0.0070, 0.023, 0.051, 0.044, 0.025, 0.064, 0.042, 0.113, 0.5399176717037144, 0.248, 0.161, 0.092, 0.24, 0.322, 0.43, 0.21813449120850636, 0.067, 0.144, 0.237, 0.26, 0.249, 0.39, 0.638, 0.804, 0.703, 0.687, 0.7, 0.9133910319119206, 1.0, 0.962, 0.9, 0.758, 0.41605200739764886, 0.569, 0.44, 0.455, 0.296, 0.159, 0.168, 0.084, 0.117, 0.175, 0.273, 0.17, 0.019, 0.021, 0.035, 0.042, 0.0090, 0.02, 0.02, 0.017, 0.016, 0.0060, 0.0040, 0.0070, 0.0040, 0.0050, 0.019, 0.01,0
0.0090, 0.018, 0.0060, 0.0060, 0.026, 0.046, 0.047, 0.0060, 0.042, 0.064, 0.089, 0.16, 0.154, 0.277, 0.218, 0.28, 0.349, 0.282, 0.248, 0.3, 0.43, 0.9309204350488541, 0.452, 0.3996991090494439, 0.622, 0.657, 0.663, 0.732, 0.853, 1.0, 0.845, 0.635, 0.8368965028833822, 0.621, 0.698, 0.587, 0.489, 0.4667535390594865, 0.204, 0.147, 0.222, 0.145, 0.149, 0.121, 0.114, 0.079, 0.036, 0.015, 0.0080, 0.012, 0.0020, 0.0070, 0.0060, 0.013, 0.011, 0.0050, 0.0090, 0.0050, 0.0060, 0.0020,0
0.041, 0.065, 0.04, 0.06, 0.05, 0.182, 0.118, 0.102, 0.058, 0.218, 0.246, 0.333, 0.309, 0.261, 0.07836722340909001, 0.373, 0.42, 0.536, 0.706, 0.82, 0.884, 0.83, 0.761, 0.76, 0.837, 0.89, 0.765, 0.59, 0.304, 0.082, 0.279, 0.724, 0.803, 0.805, 0.768, 0.747, 0.625, 0.173, 0.292, 0.5, 0.522, 0.03985212588097251, 0.4, 0.388, 0.165, 0.044, 0.066, 0.042, 0.048, 0.024, 0.0070, 0.0060, 0.013, 0.018, 0.0070, 0.02, 0.02, 0.01, 0.0070, 0.0060,0
0.029, 0.038, 0.026, 0.0060, 0.013, 0.061, 0.09, 0.111, 0.097, 0.075, 0.053, 0.121, 0.176, 0.204, 0.273, 0.232, 0.268, 0.293, 0.33, 0.491, 0.54, 0.626, 0.683, 0.753, 0.85, 0.894, 0.993, 0.913, 0.708, 0.3326565916996116, 0.613, 0.464, 0.28, 0.172, 0.166, 0.256, 0.274, 0.321, 0.272, 0.37812117891761504, 0.155, 0.252, 0.212, 0.18, 0.147, 0.068, 0.109, 0.092, 0.04, 0.0090, 0.0080, 0.0060, 0.0070, 0.011, 0.0050, 0.01, 0.02031954926539202, 0.0060, 0.0050, 0.0090,0
0.022, 0.012, 0.017, 0.015, 0.061, 0.2291257384501225, 0.114, 0.088, 0.116, 0.087, 0.156, 0.078, 0.1, 0.092, 0.066, 0.113, 0.174, 0.257, 0.329, 0.391, 0.544, 0.612, 0.702, 0.761, 0.797, 0.47620520554394585, 0.881, 0.795, 0.799, 0.718, 0.641, 0.41051865660038744, 0.593, 0.617, 0.44105387957698056, 0.676, 0.625, 0.512, 0.389, 0.327, 0.251, 0.153, 0.132, 0.166, 0.122, 0.098, 0.045, 0.027, 0.018, 0.0090, 0.0020, 0.0050, 0.0050, 0.013123020092985365, 0.013, 0.012, 0.0050, 0.0020, 0.0010, 0.0020,0
0.0070, 0.01, 0.0020, 0.0060, 0.02, 0.062, 0.043, 0.095, 0.084, 0.118, 0.098, 0.091, 0.066, 0.059, 0.48280423237262393, 0.13, 0.204, 0.381, 0.445, 0.522, 0.591, 0.657, 0.631, 0.6, 0.496, 0.565, 0.691, 0.851, 1.0, 0.917, 0.768, 0.618, 0.547, 0.552, 0.546, 0.3056739278905266, 0.456, 0.347, 0.7275387469405631, 0.285, 0.25, 0.164, 0.16, 0.149, 0.133, 0.069, 0.06, 0.056, 0.010724334363994267, 0.015, 0.0030, 0.0050, 0.0020, 0.006774634457140844, 0.0040, 0.0020, 0.0030, 0.0030, 0.0050, 0.0030,0
0.018, 0.017, 0.05, 0.028, 0.026, 0.035, 0.036, 0.054, 0.026, 0.047, 0.053, 0.185, 0.104, 0.095, 0.091, 0.169, 0.157, 0.038, 0.132, 0.209, 0.198, 0.095, 0.196, 0.124, 0.062, 0.214, 0.464, 0.647, 0.634, 0.611, 0.705, 0.538, 0.593, 0.844, 0.948, 0.97, 0.777, 0.631, 0.576, 0.615, 0.545, 0.12941949550980222, 0.341, 0.192, 0.113, 0.064, 0.3459130538464322, 0.098, 0.056, 0.019, 0.0090, 0.0040, 0.018, 0.017, 0.0080, 0.0050, 0.011, 0.018, 0.029, 0.0060,0
0.024, 0.019, 0.047, 0.044, 0.066, 0.074, 0.138, 0.11, 0.138, 0.138, 0.094, 0.026, 0.15, 0.285, 0.7607020412817835, 0.828, 0.867, 0.3830998232371871, 0.904, 0.905, 1.0, 0.998, 0.987, 0.8383679308663979, 0.901, 0.972, 0.968, 0.763, 0.443, 0.382, 0.473, 0.2549840720461179, 0.338, 0.317, 0.222, 0.073, 0.269, 0.189, 0.071, 0.106, 0.069, 0.03, 0.089, 0.146, 0.135, 0.039, 0.055, 0.047, 0.02, 0.01, 0.016, 0.0090, 0.015, 0.0080, 0.0020, 0.0080, 0.0040, 0.0030, 0.0040, 0.0020,0
0.036, 0.163, 0.164, 0.142, 0.113, 0.131, 0.211, 0.227, 0.299, 0.374, 0.304, 0.039, 0.268, 0.54, 0.62, 0.726, 0.835, 0.689, 0.445, 0.392, 0.56, 0.754, 0.7105718802657378, 1.0, 0.876, 0.709, 0.701, 0.501, 0.394, 0.446, 0.407, 0.077, 0.142, 0.04, 0.36, 0.685, 0.708, 0.36, 0.045898131492058306, 0.303, 0.397, 0.387, 0.238, 0.5899053867938708, 0.229, 0.25565216172548294, 0.159, 0.179, 0.102, 0.015, 0.022, 0.011, 0.0070, 0.02, 0.016, 0.0060, 0.0080, 0.0090, 0.011, 0.0070,0
0.026, 0.019, 0.025, 0.0060, 0.035, 0.07, 0.126, 0.108, 0.152, 0.163, 0.103, 0.219, 0.154, 0.263, 0.294, 0.298, 0.07, 0.14, 0.299, 0.392, 0.36, 0.24, 0.421, 0.568, 0.609, 0.632, 0.655, 0.767, 1.0, 0.846, 0.551, 0.444, 0.517, 0.427, 0.18, 0.079, 0.054, 0.191, 0.256, 0.215, 0.277, 0.284, 0.173, 0.082, 0.034, 0.093, 0.102, 0.031, 0.021, 0.032, 0.013, 0.012, 0.012, 0.0050, 0.0070, 0.0020, 0.0040, 0.0010, 0.0040, 0.0080,0
0.06500932984403553, 0.015, 0.0030, 0.014, 0.042, 0.047, 0.036, 0.074, 0.25067632109524596, 0.104, 0.09, 0.067, 0.1, 0.106, 0.035, 0.123, 0.163, 0.365, 0.326, 0.3, 0.211, 0.21, 0.208, 0.228, 0.075, 0.197, 0.409, 0.638, 0.797, 0.751, 0.552, 0.6825034376088305, 0.467, 0.448, 0.23, 0.324, 0.448, 0.558, 0.652, 0.535, 0.248, 0.227, 0.6432757611848126, 0.09, 0.054, 0.341091865391259, 0.099, 0.11346828318933685, 0.032, 0.014, 0.0080, 0.022, 0.026, 0.014, 0.023, 0.0040, 0.0020, 0.0050, 0.0090, 0.0080,0
0.034, 0.013, 0.07, 0.118, 0.035, 0.118, 0.195, 0.161, 0.304, 0.437, 0.553, 0.577, 0.702, 0.707, 0.737, 0.739, 0.862, 0.946, 0.878, 0.791, 0.576, 0.306, 0.056, 0.024, 0.255, 0.486, 0.503, 0.44, 0.285, 0.18, 0.356, 0.352, 0.332, 0.311, 0.364, 0.075, 0.183, 0.182, 0.182, 0.8498275691950293, 0.058, 0.095, 0.109, 0.081, 0.078, 0.049, 0.044, 0.059, 0.037, 0.018, 0.03, 0.024, 0.023, 0.0090, 0.016, 0.019, 0.0030, 0.038, 0.013, 0.016,1
0.043, 0.056, 0.071, 0.062, 0.122, 0.152, 0.154, 0.039, 0.061, 0.011, 0.126, 0.247, 0.301, 0.375, 0.452, 0.539, 0.659, 0.711, 0.76, 0.867, 0.842, 0.797, 0.838, 0.932, 0.856, 0.6190354922737543, 0.414, 0.327, 0.311, 0.255, 0.337, 0.446, 0.5, 0.511, 0.519, 0.462, 0.423, 0.437, 0.428, 0.443, 0.37, 0.332, 0.256, 0.253, 0.214, 0.179, 0.101, 0.053, 0.045, 0.012, 0.0010, 0.014, 0.018, 0.0080, 0.0060, 0.013, 0.0090, 0.0080, 0.011, 0.0050,1
0.06, 0.047, 0.05, 0.039, 0.103, 0.077, 0.085, 0.045, 0.109, 0.035, 0.158, 0.202, 0.227, 0.283, 0.382, 0.466, 0.669, 0.865, 0.936, 0.7803498855909217, 0.914, 0.49774089948500994, 0.931, 0.86, 0.733, 0.576, 0.416, 0.411, 0.415, 0.315, 0.294, 0.317, 0.315, 0.413, 0.399, 0.42, 0.453, 0.442, 0.6319925962025282, 0.343, 0.319, 0.337, 0.249, 0.265, 0.175, 0.093, 0.053, 0.0080, 0.034, 0.014, 0.0030, 0.0010, 0.0, 0.023, 0.021, 0.0080, 0.012, 0.011, 0.021574545392201872, 0.01,1
0.026, 0.027, 0.022, 0.075, 0.136, 0.151, 0.132, 0.165, 0.186, 0.201, 0.289, 0.513092262496029, 0.351, 0.35, 0.432, 0.54, 0.624, 0.688, 0.733, 0.811, 0.2523202276316751, 0.863, 0.875, 0.961, 0.972, 0.912, 0.858, 0.88, 0.772, 0.571, 0.426, 0.286, 0.311, 0.207, 0.116, 0.9825297953892802, 0.13, 0.248, 0.164, 0.11, 0.214, 0.203, 0.189, 0.137, 0.018345431770976965, 0.031, 0.037, 0.061, 0.04, 0.017, 0.014, 0.022, 0.018, 0.013, 0.009392718535939398, 0.012, 0.0050, 0.0020, 0.0030, 0.0020,1
0.035, 0.051, 0.0080, 0.024, 0.043, 0.074, 0.094, 0.113, 0.4351331596949914, 0.151, 0.181, 0.239, 0.295, 0.287, 0.401, 0.532, 0.549, 0.582, 0.604, 0.675, 0.708, 0.789, 0.928, 0.978, 0.974, 1.0, 0.97, 0.996, 0.824, 0.602, 0.534, 0.487, 0.353, 0.157, 0.095, 0.45603284564615065, 0.282, 0.339, 0.302, 0.294, 0.298, 0.268, 0.206, 0.207, 0.162, 0.122, 0.101, 0.074, 0.039, 0.0050, 0.015, 0.0040, 0.012, 0.011, 0.011, 0.01, 0.0050, 0.0020, 0.0080, 0.0030,1
0.044, 0.045, 0.024, 0.101, 0.30239239954654884, 0.261, 0.206, 0.167, 0.10670126494758328, 0.308, 0.379, 0.536, 0.617, 0.784, 0.839, 0.902, 1.0, 0.891, 0.875, 0.789, 0.716, 0.758, 0.637, 0.321, 0.208, 0.4087017737237508, 0.331, 0.285, 0.195, 0.167, 0.102, 0.136, 0.221, 0.112, 0.168, 0.104, 0.256, 0.262, 0.224, 0.118, 0.11, 0.283, 0.238, 0.026, 0.197, 0.148, 0.043, 0.063, 0.051, 0.047, 0.025, 0.027, 0.02, 0.014, 0.018, 0.0060, 0.0040, 0.012, 0.015, 0.01,1
0.115, 0.116, 0.087, 0.036, 0.023, 0.127, 0.242, 0.266, 0.435, 0.538, 0.382, 0.099, 0.062, 0.18, 0.391, 0.36, 0.304, 0.243, 0.406, 0.84, 0.978, 0.468, 0.061, 0.214, 0.135, 0.285, 0.162, 0.265, 0.456, 0.65, 0.285, 0.33, 0.537, 0.663, 0.863, 0.855, 0.785, 0.902, 0.883, 0.609, 0.281, 0.091, 0.118, 0.269, 0.521, 0.423, 0.234, 0.193, 0.109, 0.051, 0.023, 0.01, 0.0060, 0.0080, 0.017, 0.0353131278376824, 0.019, 0.014, 0.0070, 0.038303358450602586,1
0.109, 0.128, 0.093, 0.123, 0.128, 0.173, 0.195, 0.426, 0.683, 0.576, 0.5150382452586288, 0.236, 0.25553091759456575, 0.29, 0.471, 0.466, 0.142, 0.085, 0.326, 0.901, 0.931, 0.486, 0.135, 0.16, 0.274, 0.561, 0.365, 0.614, 0.547, 0.847, 0.564, 0.544, 0.509, 0.625, 0.85, 0.841, 0.842, 0.914, 0.771, 0.488, 0.372, 0.447, 0.459, 0.449, 0.562, 0.43, 0.094, 0.079, 0.027, 0.015, 0.09866053031260626, 0.046, 0.021, 0.0080, 0.012, 0.03649882097740165, 0.01, 0.02, 0.018, 0.019,1
0.021, 0.054, 0.033, 0.082, 0.074, 0.032, 0.092, 0.107, 0.155, 0.123, 0.18, 0.179, 0.125, 0.258, 0.337, 0.399, 0.165, 0.14593947674379204, 0.322, 0.536, 0.816, 0.36834087828508133, 0.87, 0.689, 0.63, 0.574, 0.571, 0.598, 0.43, 0.206, 0.48376770395361063, 0.225, 0.231, 0.398, 0.332, 0.173, 0.143, 0.217, 0.197, 0.214, 0.367, 0.202, 0.078, 0.092, 0.239, 0.34, 0.259, 0.11, 0.091, 0.046, 0.017, 0.0030, 0.0050, 0.019, 0.01, 0.012, 0.0040, 0.0090, 0.0070, 0.01,1
0.021, 0.028, 0.012, 0.044, 0.043, 0.077, 0.146, 0.143, 0.189, 0.185, 0.175, 0.156, 0.148, 0.138, 0.258, 0.383, 0.478, 0.536, 0.619, 0.791, 0.926, 1.0, 0.908, 0.744, 0.556, 0.8013436338643878, 0.13, 0.06, 0.272, 0.362, 0.329, 0.486, 0.394, 0.184, 0.034, 0.249, 0.384, 0.351, 0.265, 0.176, 0.16, 0.087, 0.059, 0.081, 0.02931121715142187, 0.042, 0.05, 0.037, 0.012, 0.012, 0.013, 0.01, 0.0010, 0.0050, 0.0040, 0.0030, 0.0080, 0.0050, 0.0020, 0.0010,1
0.023, 0.032, 0.017, 0.023, 0.041, 0.012, 0.022, 0.08, 0.236, 0.246, 0.224, 0.152, 0.173, 0.31, 0.438, 0.56, 0.682, 0.616, 0.68, 0.844, 0.992, 1.0, 0.798, 0.543, 0.3050513584858392, 0.518, 0.565, 0.304, 0.188, 0.396, 0.229, 0.354, 0.419, 0.24, 0.185, 0.376, 0.433, 0.363, 0.252, 0.187, 0.105, 0.234, 0.199, 0.11, 0.068, 0.03, 0.067, 0.078, 0.046, 0.025, 0.0260191162875898, 0.012, 0.0040, 0.012, 0.0040, 0.011, 0.0050, 0.0090, 0.0010, 0.0090,1
0.013, 0.02, 0.0040, 0.022, 0.023, 0.048, 0.074, 0.033, 0.137, 0.208, 0.23, 0.199, 0.118, 0.189, 0.7766842535784665, 0.534, 0.685, 0.792, 0.822, 0.729, 0.21551691383181998, 0.3617376024424419, 0.806, 0.49, 0.193, 0.292, 0.626, 0.855, 0.897, 0.782, 0.517, 0.484, 0.404, 0.341, 0.285, 0.235, 0.27, 0.444, 0.432, 0.331, 0.12, 0.167, 0.37, 0.307, 0.094, 0.154, 0.139, 0.077, 0.062, 0.023, 0.011, 0.017, 0.0090, 0.0040, 0.0060, 0.0060, 0.0030, 0.0070, 0.0030, 0.0050,1
0.024, 0.022, 0.017, 0.052, 0.075, 0.112, 0.126, 0.172, 0.307, 0.32, 0.295, 0.248, 0.251, 0.181, 0.141, 0.302, 0.364, 0.389, 0.298, 0.222, 0.162, 0.134, 0.205, 0.379, 0.577, 0.754, 0.841, 0.855, 0.904, 1.0, 0.965, 0.791, 0.641, 0.599, 0.684, 0.777, 0.808, 0.743, 0.63, 0.571, 0.443, 0.336, 0.38, 0.495, 0.437, 0.24, 0.113, 0.165, 0.093, 0.022, 0.021, 0.022, 0.015, 0.0080, 0.0060, 0.0020, 0.0060, 0.0050, 0.0030, 0.0020,1
0.0020, 0.019, 0.029, 0.02, 0.052, 0.082, 0.1, 0.012, 0.117, 0.148, 0.212, 0.258, 0.235, 0.133, 0.10967946366888459, 0.195, 0.368, 0.465, 0.542, 0.626, 0.742, 0.826, 0.861, 0.84, 0.895, 0.994, 1.0, 0.965, 0.875, 0.626, 0.218, 0.294, 0.364, 0.501, 0.784, 0.012539445967539083, 0.82, 0.621, 0.451, 0.3, 0.267, 0.224, 0.314, 0.369, 0.299, 0.223, 0.085, 0.036, 0.029, 0.012, 0.0040, 0.011, 0.0080, 0.0090, 0.0040, 0.0030, 0.0010, 0.0010, 0.0030, 0.0050,1
0.029, 0.012, 0.012, 0.011, 0.05, 0.1, 0.133, 0.112, 0.298, 0.347, 0.423, 0.504, 0.524, 0.44, 0.324, 0.296, 0.329, 0.05992472437348327, 0.453, 0.7249299955724109, 0.704, 0.831, 0.845, 0.851, 0.914, 0.998, 1.0, 0.754, 0.466, 0.392, 0.385, 0.467, 0.424, 0.31, 0.075, 0.288, 0.407, 0.317, 0.286, 0.263, 0.054, 0.187, 0.346, 0.465, 0.437, 0.258, 0.132, 0.05, 0.011, 0.0060, 0.0040, 0.0060, 0.01, 0.0080, 0.0010, 0.0050, 0.0020, 0.0010, 0.0080, 0.017702355698845897,1
0.01, 0.04, 0.068, 0.069, 0.089, 0.093, 0.096, 0.214, 0.255, 0.295, 0.402, 0.515, 0.49, 0.413, 0.358, 0.345, 0.307, 0.294, 0.435, 0.726, 0.815, 0.81, 0.666, 0.696, 0.775, 0.869, 1.0, 0.994, 0.879, 0.648, 0.588, 0.641, 0.497, 0.276, 0.03, 0.336, 0.317, 0.413, 0.628, 0.498, 0.261, 0.47, 0.16776694185886692, 0.492, 0.529, 0.222, 0.14, 0.189, 0.095, 0.013, 0.07210222177023586, 0.024, 0.0080, 0.014, 0.017, 0.0010, 0.030481356467698083, 0.0040, 0.0040, 0.0020,1
0.027, 0.038, 0.05, 0.071, 0.131, 0.21, 0.226, 0.252, 0.36, 0.592, 0.668, 0.568, 0.518, 0.333, 0.2, 0.286, 0.294, 0.425581601736504, 0.595, 0.753, 0.896, 0.815, 0.711, 0.738, 0.72, 0.825, 0.892, 0.982, 0.818, 0.485, 0.32, 0.278, 0.238, 0.291, 0.168, 0.316, 0.187, 0.339, 0.599, 0.412, 0.118, 0.365, 0.466, 0.478, 0.352, 0.092, 0.123, 0.178, 0.108, 0.03, 0.035, 0.017, 0.02, 0.014, 0.0080, 0.0040, 0.0040, 0.0030, 0.0060, 0.0060,1
0.034, 0.062, 0.038, 0.026, 0.044, 0.103, 0.129, 0.185, 0.265, 0.412, 0.524, 0.534, 0.555, 0.8163250350536138, 0.295, 0.308, 0.302, 0.272, 0.544, 0.793, 0.875, 0.867, 0.711, 0.691, 0.729, 0.879, 1.0, 0.9613583651374463, 0.898, 0.605, 0.493, 0.537, 0.459, 0.291, 0.077, 0.225, 0.16, 0.396, 0.612, 0.52, 0.232, 0.437, 0.38, 0.432, 0.489, 0.19, 0.094, 0.136, 0.091, 0.014, 0.033, 0.014, 0.0020, 0.0070, 0.01, 0.0040, 0.0060, 0.04084126064387179, 0.0030, 0.0060,1
0.021, 0.019, 0.041, 0.17301009196858158, 0.07, 0.158, 0.144, 0.14, 0.305, 0.391, 0.35, 0.367, 0.394, 0.331, 0.333, 0.3, 0.232, 0.138, 0.345, 0.443, 0.489, 0.368, 0.438, 0.486, 0.621, 0.726, 0.662, 0.769, 0.798, 0.858, 0.927, 0.701, 0.485, 0.341, 0.141, 0.115, 0.143, 0.182, 0.36, 0.553, 0.599, 0.508, 0.551, 0.503, 0.703, 0.59, 0.407, 0.276, 0.158, 0.051, 0.0050, 0.0080, 0.02, 0.01, 0.022755985385215838, 0.0030, 0.0060, 0.0090, 0.0070, 0.0040,1
0.02, 0.012, 0.038, 0.415388665843147, 0.27592444137971023, 0.087, 0.102, 0.085, 0.114, 0.175, 0.22, 0.272, 0.21, 0.173, 0.204, 0.179, 0.132, 0.226, 0.236, 0.311, 0.391, 0.363, 0.481, 0.653, 0.781, 0.84, 0.918, 0.977, 0.894, 0.702, 0.65, 0.507, 0.39, 0.301, 0.156, 0.098, 0.22, 0.224, 0.274, 0.215, 0.244, 0.315, 0.211, 0.099, 0.059, 0.194, 0.194, 0.108, 0.034, 0.018, 0.021, 0.013, 0.0090, 0.0050, 0.0040, 0.0040, 0.0030, 0.0040, 0.0010, 0.0020,1
0.013, 0.039, 0.033, 0.0080, 0.072, 0.134, 0.163, 0.19, 0.261, 0.319, 0.347, 0.374, 0.306, 0.193, 0.138, 0.212, 0.276, 0.458, 0.649, 0.715, 0.801, 0.792, 0.879, 1.0, 0.986, 0.947, 0.947, 0.932, 0.833, 0.621, 0.377, 0.282, 0.204, 0.219, 0.222, 0.8734910985383882, 0.052, 0.062, 0.142, 0.146, 0.085, 0.106, 0.164, 0.192, 0.208, 0.234, 0.196, 0.13, 0.063, 0.018, 0.014, 0.015, 0.0080, 0.0030, 0.0040, 0.0070, 0.0040, 0.0010, 0.0020, 0.0080,1
0.019, 0.035, 0.017, 0.018, 0.039, 0.163, 0.203, 0.169, 0.233, 0.268, 0.311, 0.293, 0.228, 0.099, 0.18, 0.22, 0.273, 0.286, 0.203, 0.174, 0.413, 0.688, 0.812, 0.845, 0.892, 0.93, 0.999, 1.0, 0.81, 0.62, 0.604, 0.555, 0.416, 0.147, 0.085, 0.061, 0.097, 0.141, 0.168, 0.12, 0.12, 0.104, 0.198, 0.134, 0.09, 0.108, 0.152, 0.136, 0.086, 0.029, 0.02, 0.056858215982061394, 0.01305441333238371, 0.02, 0.0030, 0.01, 0.0060, 0.012, 0.019884576477083513, 0.016,1
0.012, 0.031, 0.017, 0.031, 0.036, 0.01, 0.2509416020442596, 0.058, 0.112, 0.084, 0.055, 0.085, 0.203, 0.256, 0.187, 0.203, 0.146, 0.285, 0.582, 0.773, 0.785, 0.852, 0.531, 0.365, 0.597, 0.828, 1.0, 0.867, 0.63, 0.459, 0.394, 0.5565344042797886, 0.282, 0.264, 0.276, 0.27, 0.399, 0.458, 0.394, 0.252, 0.178, 0.135, 0.052, 0.034, 0.14042290452202383, 0.086, 0.087, 0.044, 0.013, 0.022, 0.019, 0.013, 0.026, 0.022, 0.0070, 0.012, 0.0030, 0.0090, 0.0010, 0.0040,0
0.12450628375390227, 0.0090, 0.0060, 0.2547172109002055, 0.034, 0.055, 0.053, 0.096, 0.101, 0.124, 0.11, 0.122, 0.187, 0.8875935010757748, 0.323, 0.272, 0.394, 0.643, 0.727, 0.867, 0.967, 0.985, 0.948, 0.804, 0.9346640995812285, 0.514, 0.309, 0.083, 0.402, 0.234, 0.19, 0.124, 0.172, 0.235, 0.249, 0.365, 0.338, 0.159, 0.099, 0.109, 0.104, 0.084, 0.139, 0.082, 0.07425084826449184, 0.066, 0.12, 0.069, 0.015, 0.027, 0.017, 0.018, 0.013, 0.0090, 0.01, 0.0020, 0.0010161913468074498, 0.0060, 0.0060, 0.0030,0
0.027, 0.0090, 0.014, 0.028, 0.041, 0.076, 0.103, 0.114, 0.079, 0.152, 0.168, 0.137, 0.136, 0.134, 0.214, 0.535, 0.683, 0.8305256297203073, 0.309, 0.323, 0.443, 0.557, 0.578, 0.617, 0.813, 0.982, 0.982, 0.917, 0.742, 0.774, 0.847, 0.735, 0.667, 0.608, 0.624, 0.597, 0.572, 0.524, 0.292, 0.154, 0.2, 0.203, 0.605171794320031, 0.178, 0.135, 0.137, 0.075, 0.047, 0.032, 0.018, 0.0040, 0.0080, 0.0010, 0.0020, 0.0070, 0.0040, 0.012, 0.013, 0.0070, 0.0090,0
0.013, 0.015, 0.064, 0.173, 0.256, 0.256, 0.295, 0.411, 0.498, 0.592, 0.583, 0.542, 0.547, 0.531, 0.498, 0.698, 0.829, 0.784, 0.822, 0.936, 1.0, 0.922, 0.784, 0.547, 0.456, 0.592, 0.545, 0.397, 0.088, 0.238, 0.2, 0.059, 0.254, 0.201, 0.033, 0.155, 0.8368214811924428, 0.245, 0.317, 0.32, 0.305, 0.084, 0.127, 0.138, 0.114, 0.052, 0.0070, 0.028, 0.037, 0.012, 0.015, 0.0090, 0.0040, 0.01, 0.04062921736473898, 0.0010, 0.018, 0.0090, 0.012, 0.0060,0
0.021, 0.013, 0.053, 0.057, 0.065, 0.143, 0.134, 0.204, 0.157, 0.157, 0.233, 0.5496522057251194, 0.151, 0.192, 0.206, 0.231, 0.236, 0.13, 0.381, 0.586, 0.45, 0.488, 1.0, 0.868, 0.472, 0.534, 0.62, 0.714, 0.56, 0.373, 0.248, 0.192, 0.139, 0.332, 0.288, 0.323, 0.261, 0.204, 0.24, 0.132, 0.068, 0.033, 0.072, 0.098, 0.079, 0.052, 0.05, 0.023, 0.022, 0.014, 0.031, 0.039, 0.015, 0.0020, 0.01, 0.01, 0.0080, 0.018, 0.011, 0.03969101519922051,0
0.0090, 0.027, 0.022, 0.034, 0.03, 0.117, 0.145, 0.064, 0.074, 0.136, 0.213, 0.374, 0.374, 0.267, 0.233, 0.537, 0.731, 0.766, 0.627, 0.44, 0.433, 0.433, 0.554, 0.736, 0.859, 0.899, 0.942, 0.94, 0.938, 0.858, 0.728, 0.67, 0.755, 0.877, 0.992, 0.992, 0.942, 0.4306312700204158, 0.66, 0.482, 0.292, 0.177, 0.114, 0.07, 0.158, 0.194, 0.111, 0.069, 0.018, 0.02, 0.07085448998744936, 0.021, 0.0090, 0.0060, 0.0090, 0.0090, 0.0070, 0.013824573635548487, 0.0060, 0.011,0
0.019, 0.0040, 0.064, 0.045, 0.033, 0.069, 0.09, 0.145, 0.074, 0.035, 0.3283678830853589, 0.347, 0.32, 0.282, 0.017, 0.057, 0.216, 0.456, 0.382, 0.563, 0.648, 0.8382930452782411, 0.824, 0.6629495254231034, 1.0, 0.858, 0.656, 0.509, 0.482, 0.453, 0.452, 0.453, 0.6438282732655827, 0.531, 0.536, 0.527, 0.426, 0.244, 0.12, 0.384, 0.411, 0.507, 0.422, 0.248, 0.159, 0.112, 0.043187309139218956, 0.079, 0.032, 0.0070, 0.0030, 0.0090, 0.012, 0.011, 0.0090, 0.014, 0.0070, 0.0020, 0.0060, 0.012,0
0.10290846103287965, 0.058, 0.062, 0.06, 0.14, 0.188, 0.142, 0.145, 0.049, 0.086, 0.214, 0.372, 0.266, 0.211, 0.11, 0.114, 0.193, 0.414, 0.328, 0.622, 0.747, 0.768, 0.787, 0.825, 1.0, 0.948, 0.754, 0.601, 0.544, 0.539, 0.562, 0.514, 0.608, 0.562, 0.596, 0.608, 0.502, 0.283, 0.048, 0.281, 0.342, 0.19232711644687855, 0.437, 0.247, 0.171, 0.134, 0.084, 0.076, 0.03, 0.0070, 0.0070, 0.06267066803008099, 0.01, 0.0070, 0.012, 0.0070, 0.0080, 0.0070, 0.0030, 0.014,0
0.022, 0.0020, 0.0080, 0.01, 0.044, 0.091, 0.089, 0.066, 0.162, 0.145, 0.144, 0.095, 0.062, 0.164, 0.071, 0.084, 0.259, 0.268, 0.309, 0.468, 0.596, 0.724, 0.877, 0.921, 0.928, 0.994, 1.0, 0.907, 0.854, 0.729, 0.65, 0.607, 0.559, 0.597, 0.628, 0.546, 0.479, 0.396, 0.209, 0.165, 0.184, 0.065, 0.076, 0.049, 0.035, 0.03, 0.024, 0.038, 0.012, 0.0070, 0.0050, 0.0030, 0.013, 0.01, 0.0040, 0.0060, 0.0030, 0.0040, 0.0020, 0.0030,0
0.014, 0.0040, 0.0050, 0.029, 0.056, 0.093, 0.103, 0.088, 0.16, 0.191, 0.158, 0.111, 0.12, 0.117, 0.142, 0.222, 0.266, 0.271, 0.386, 0.572, 0.68, 0.875, 1.0, 0.895, 0.842, 0.917, 0.931, 0.905, 0.823, 0.699, 0.583, 0.492, 0.456, 0.516, 0.567, 0.528, 0.514, 0.374, 0.228, 0.119, 0.109, 0.043, 0.107, 0.058, 0.0050, 0.047, 0.041, 0.029, 0.019, 0.0090, 0.0020, 0.0040, 0.0080, 0.01, 0.01, 0.0020, 0.0040, 0.0030, 0.0030, 0.0030,0
0.037, 0.04, 0.032, 0.029, 0.082, 0.134, 0.116, 0.066, 0.016, 0.051, 0.091, 0.254, 0.146, 0.127, 0.122, 0.167, 0.142, 0.128, 0.186, 0.114, 0.207, 0.022, 0.24, 0.255, 0.024, 0.192, 0.475, 0.7, 0.682, 0.644, 0.706, 0.537, 0.66, 0.871, 0.952, 0.96, 0.771, 0.677, 0.643, 0.672, 0.604, 0.516, 0.38, 0.228, 0.152, 0.08, 0.08, 0.04253212820518114, 0.057, 0.018, 0.0060, 0.0090, 0.016, 0.016, 0.0080, 0.0070, 0.014, 0.0070, 0.0080, 0.0070,0
0.02, 0.014, 0.018, 0.041, 0.039, 0.29125604861724563, 0.089, 0.097, 0.084, 0.119, 0.152, 0.132, 0.143, 0.1698680214245962, 0.065, 0.089, 0.123, 0.185, 0.388, 0.366, 0.5065316073637296, 0.261, 0.419, 0.585, 0.564, 0.6776585264125975, 0.477, 0.69, 0.98, 1.0, 0.955, 0.884, 0.766, 0.655, 0.545, 0.459, 0.468, 0.199, 0.07, 0.149, 0.171, 0.165, 0.26, 0.385, 0.375, 0.241, 0.108, 0.022, 0.016, 0.019, 0.012, 0.046107981291391875, 0.0070, 0.012, 0.0010, 0.0020, 0.0060, 0.0040, 0.0070, 0.0010,0
0.022, 0.022, 0.027, 0.014, 0.036, 0.20694303553200863, 0.091, 0.091, 0.115, 0.097, 0.12, 0.11, 0.119, 0.176, 0.239, 0.214, 0.193, 0.176, 0.075, 0.4123994673626496, 0.2, 0.157, 0.26, 0.539, 0.844, 1.0, 0.868, 0.674, 0.554, 0.464, 0.361, 0.206, 0.162, 0.209, 0.31, 0.8047832069613, 0.106, 0.038, 0.053, 0.129, 0.224, 0.192, 0.159, 0.094, 0.084, 0.067, 0.034, 0.047, 0.036, 0.014, 0.0080, 0.014, 0.0040, 0.0050, 0.0070, 0.0020, 0.0050, 0.0020, 0.0010, 0.0020,0
0.0040, 0.0080, 0.0090, 0.039, 0.36458649086523487, 0.12, 0.124, 0.103, 0.124, 0.6395231236201997, 0.094, 0.124, 0.16, 0.154, 0.185, 0.173, 0.30386162769139313, 0.175, 0.146, 0.158, 0.226, 0.198, 0.337, 0.583, 0.85, 1.0, 0.846, 0.662, 0.556, 0.392, 0.323, 0.205, 0.192, 0.223, 0.315, 0.227, 0.08, 0.075, 0.117, 0.197, 0.262, 0.251, 0.198, 0.095, 0.093, 0.096, 0.038, 0.044, 0.034, 0.0060, 0.0080, 0.012, 0.0060, 0.0040, 0.0040, 0.0, 0.0020, 0.0050, 0.0020, 0.0020,0
0.034, 0.029, 0.048, 0.03344506077548607, 0.079, 0.08, 0.114, 0.123, 0.124, 0.084, 0.036, 0.069, 0.17, 0.326, 0.46, 0.622, 0.733, 0.784, 0.799, 0.826, 1.0, 0.981, 0.962, 0.96, 0.912, 0.909, 0.793, 0.277016499560563, 0.347, 0.424, 0.463, 0.341, 0.285, 0.285, 0.174, 0.9484181797235316, 0.119, 0.115, 0.086, 0.181, 0.126, 0.08, 0.038, 0.127, 0.112, 0.05, 0.095, 0.068, 0.026, 0.017, 0.0030, 0.015, 0.011, 0.03228489485459517, 0.0040, 0.017, 0.014, 0.0020, 0.0070, 0.0050,0
0.023, 0.037, 0.0040, 0.038, 0.046, 0.145, 0.221, 0.119, 0.075, 0.163, 0.271, 0.336, 0.409, 0.6167121059451514, 0.548, 0.721, 0.814, 0.918, 1.0, 0.942, 0.912, 0.935, 0.748, 0.515, 0.411, 0.344, 0.698, 0.871, 0.901, 0.801, 0.438, 0.132, 0.171, 0.248, 0.304, 0.231, 0.134, 0.10166013839274182, 0.247, 0.279, 0.161, 0.0060, 0.035, 0.115, 0.133, 0.028, 0.076, 0.063, 0.031, 0.024, 0.012, 0.0060, 0.0020, 0.012, 0.015, 0.0060, 0.0030, 0.0030, 0.01, 0.020263300329508096,0
0.022, 0.034, 0.039, 0.024, 0.108, 0.116, 0.14, 0.101, 0.115, 0.178, 0.408, 0.411, 0.397, 0.508, 0.651, 0.807, 0.982, 1.0, 0.941, 0.845, 0.811, 0.846, 0.621, 0.582, 0.9563963221396311, 0.82, 0.56, 0.299, 0.501, 0.663, 0.575, 0.406, 0.375, 0.348, 0.158, 0.142, 0.213, 0.187, 0.1, 0.24, 0.6965846687677746, 0.203, 0.071, 0.161, 0.167, 0.17, 0.183, 0.14, 0.051, 0.06320071715423854, 0.01, 0.0030, 0.01, 0.0080, 0.0080, 0.0090, 0.0030, 0.010808494931740801, 0.0010, 0.0070,0
0.038, 0.032, 0.042, 0.035, 0.179, 0.164, 0.089, 0.082, 0.178, 0.205, 0.314, 0.312, 0.369, 0.388, 0.585, 0.787, 0.974, 0.32171361504488477, 0.984, 0.861, 0.844, 0.906, 0.585, 0.403, 0.595, 0.679, 0.639, 0.5, 0.558, 0.483, 0.473, 0.332, 0.397, 0.389, 0.231, 0.104, 0.131, 0.086, 0.257, 0.318, 0.265, 0.271, 0.171, 0.058, 0.123, 0.22, 0.22, 0.107, 0.042, 0.016, 0.0090, 0.0050, 0.0040, 0.0080, 0.01, 0.0060, 0.0060, 0.0060, 0.0040, 0.0050,0
0.046, 0.044, 0.035, 0.046, 0.0070, 0.089, 0.18, 0.174, 0.16, 0.141, 0.269, 0.326, 0.454, 0.578, 0.447, 0.223, 0.216, 0.32, 0.5994746060656558, 0.424, 0.446, 0.238, 0.18233863311594783, 0.897, 0.892, 0.753, 0.684, 0.839, 1.0, 0.836, 0.543, 0.458, 0.807, 0.697, 0.392, 0.156, 0.16, 0.216, 0.518, 0.478, 0.234, 0.36, 0.278, 0.181, 0.035, 0.047, 0.032, 0.041, 0.016, 0.0090, 0.012, 0.0070, 0.0030, 0.011, 0.016, 0.015, 0.0070, 0.0080, 0.012, 0.0060,0
0.016, 0.025, 0.026, 0.039, 0.064, 0.047, 0.106, 0.139, 0.06, 0.133, 0.08822860619012, 0.475, 0.568, 0.569, 0.642, 0.749, 0.9, 1.0, 0.969, 0.903, 0.768, 0.7, 0.664, 0.596, 0.371, 0.092, 0.048, 0.036885046784972085, 0.104, 0.171, 0.09364953547195753, 0.461, 0.394, 0.505, 0.483, 0.351, 0.232, 0.403, 0.368, 0.151, 0.074, 0.14, 0.155, 0.038, 0.064, 0.6963889722142809, 0.026, 0.054673762686241835, 0.019, 0.0080, 0.014, 0.0070, 0.017769033542780446, 0.023, 0.02, 0.0070, 0.0040, 0.01, 0.0050, 0.0020,1
0.026, 0.17468292054037635, 0.034, 0.079, 0.104, 0.078, 0.142, 0.118, 0.045, 0.094, 0.113, 0.36970090927875154, 0.072, 0.197, 0.05690550265319308, 0.419, 0.505, 0.671, 0.792, 0.838, 0.876, 0.47522650678530953, 1.0, 0.993, 0.958, 0.865, 0.722, 0.58, 0.496, 0.489, 0.408, 0.244, 0.177, 0.247, 0.352, 0.376, 0.291, 0.231, 0.317, 0.355, 0.374, 0.444, 0.326, 0.196, 0.086, 0.169, 0.199, 0.122, 0.063, 0.032, 0.025, 0.021, 0.026, 0.018, 0.0040, 0.0070, 0.012, 0.0080, 0.0080, 0.0070,1
0.039, 0.032, 0.069, 0.09, 0.127, 0.152, 0.213, 0.261, 0.283, 0.272, 0.5615704837992254, 0.393, 0.384, 0.468, 0.21641724752318517, 0.482, 0.484, 0.586, 0.758, 0.7, 0.692, 0.863, 0.911, 0.935, 0.788, 0.858, 0.926, 0.22005898139068367, 0.578, 0.522, 0.45, 0.313, 0.145, 0.105, 0.182, 0.152, 0.102, 0.144, 0.199, 0.204, 0.278, 0.288, 0.33324233251513036, 0.114, 0.131, 0.143, 0.062, 0.01, 0.01, 0.013, 0.015, 0.026, 0.0070, 0.026, 0.0080, 0.011, 0.011, 0.0070, 0.030138017461201646, 0.0070,1
0.023, 0.085, 0.11752907865576658, 0.043, 0.112, 0.165, 0.16, 0.212, 0.33, 0.352, 0.333, 0.364, 0.402, 0.473, 0.52, 0.657, 0.843, 0.848, 0.834, 0.845, 0.8, 0.854, 0.964, 1.0, 0.936, 0.941, 0.907, 0.71, 0.632, 0.567, 0.35, 0.245, 0.17, 0.329, 0.367, 0.233, 0.241, 0.256, 0.189, 0.194, 0.307, 0.278, 0.031, 0.124, 0.185, 0.175, 0.108, 0.073, 0.024, 0.019, 0.016, 0.017, 0.019, 0.026, 0.014, 0.012, 0.012, 0.0090, 0.0010, 0.0040,1
0.037, 0.059, 0.063, 0.053, 0.026, 0.142, 0.207, 0.273, 0.6761203900471146, 0.26, 0.348, 0.4, 0.457, 0.6859633800645739, 0.792, 0.827, 0.809, 0.898, 0.983, 0.898, 0.889, 0.937, 0.912, 0.794, 0.672, 0.632, 0.486, 0.339, 0.483, 0.382, 0.308, 0.127, 0.074, 0.151, 0.191, 0.182, 0.171, 0.095, 0.283, 0.301, 0.16, 0.148, 0.288, 0.205, 0.106, 0.09258792219371254, 0.106, 0.053, 0.04, 0.018, 0.035, 0.012, 0.0060, 0.024, 0.0030, 0.0090, 0.012, 0.011, 0.01, 0.013,1
0.097, 0.082, 0.063, 0.061, 0.062, 0.121, 0.1219488909181554, 0.422, 0.574, 0.502, 0.349, 0.17, 0.208, 0.309, 0.422, 0.7442452224705474, 0.244, 0.188, 0.191, 0.832, 1.0, 0.408, 0.096, 0.193, 0.242, 0.379, 0.6436464414325651, 0.345, 0.378, 0.521, 0.232, 0.334, 0.478, 0.612, 0.67, 0.738, 0.736, 0.779, 0.679, 0.526, 0.276, 0.154, 0.202, 0.223, 0.422, 0.307, 0.133, 0.135, 0.106, 0.08052042080753494, 0.021, 0.0070, 0.0080, 0.03, 0.019, 0.021, 0.013, 0.02, 0.021, 0.0040,1
0.0090, 0.061, 0.114, 0.12, 0.04, 0.123, 0.25, 0.457, 0.659, 0.508, 0.335, 0.083, 0.3, 0.396, 0.377, 0.383, 0.125, 0.136, 0.268, 0.919, 0.978, 0.324, 0.194, 0.187, 0.088, 0.344, 0.295, 0.591, 0.456, 0.733, 0.197, 0.279, 0.621, 0.868, 0.39917910853521416, 0.938, 0.833, 0.948, 0.672, 0.444, 0.516, 0.381, 0.156, 0.145, 0.266, 0.181, 0.17, 0.256, 0.113, 0.02, 0.048, 0.023, 0.018, 0.035, 0.016, 0.033, 0.02, 0.017, 0.024, 0.015,1
0.073, 0.125, 0.166, 0.15, 0.144, 0.277, 0.256, 0.171, 0.047, 0.111, 0.174, 0.316, 0.325, 0.216, 0.203, 0.258, 0.18, 0.242, 0.361, 0.181, 0.26, 0.657, 0.973, 0.976, 0.808, 0.652, 0.492, 0.536, 0.765, 0.525, 0.51, 0.422, 0.416, 0.191, 0.022, 0.422, 0.55, 0.248, 0.203, 0.273, 0.284, 0.446, 0.318, 0.081, 0.119, 0.1920960440668501, 0.324, 0.294, 0.147, 0.021, 0.036, 0.044, 0.023, 0.029, 0.014, 0.016, 0.018, 0.019, 0.021, 0.0060,1
0.016, 0.063, 0.074, 0.061, 0.023, 0.105, 0.134, 0.064, 0.152, 0.078, 0.179, 0.268, 0.179, 0.08498941112542278, 0.198, 0.323, 0.8616784199855008, 0.259, 0.368, 0.351, 0.561, 0.5049742760376479, 0.547, 0.695, 0.635, 0.676, 0.85, 0.802, 0.656, 0.859, 0.666, 0.537, 0.312, 0.376, 0.28, 0.088, 0.332, 0.424, 0.18, 0.374, 0.463, 0.161, 0.249, 0.32, 0.226, 0.115, 0.048, 0.094, 0.082, 0.017, 0.024, 0.026, 0.014, 0.023, 0.019, 0.018, 0.011, 0.0090, 0.0080, 0.011,1
0.071, 0.125, 0.145, 0.164, 0.169, 0.084, 0.072, 0.095, 0.158, 0.34704973597360067, 0.234, 0.176, 0.228, 0.312, 0.472, 0.554, 0.539, 0.375, 0.458, 0.596, 0.746, 0.764, 0.571, 0.626, 0.67, 0.713, 0.757, 0.808, 0.848, 0.929, 0.951, 0.8, 0.436, 0.405, 0.495, 0.171, 0.365, 0.376, 0.284, 0.8459884776407826, 0.19325094633485446, 0.695, 0.429, 0.306, 0.4790201617190661, 0.569, 0.263, 0.12, 0.098, 0.037, 0.029, 0.016, 0.02, 0.014, 0.013, 0.014, 0.013, 0.013, 0.015, 0.022,1
0.072, 0.157, 0.111, 0.108, 0.067, 0.18, 0.111, 0.279, 0.141, 0.08, 0.253, 0.392, 0.338, 0.161, 0.189, 0.331, 0.03602757509938152, 0.218, 0.44410212866847915, 0.517, 0.534, 0.7930077541426308, 0.844, 0.676, 0.582, 0.614, 0.881, 0.838, 0.387, 0.505, 0.546, 0.424, 0.153, 0.495, 0.698, 0.711, 0.9489766815593412, 0.487, 0.552, 0.443, 0.525, 0.608, 0.525, 0.136, 0.427, 0.444, 0.219, 0.09, 0.12, 0.063, 0.023, 0.031, 0.013, 0.0080, 0.028, 0.012, 0.0090, 0.015, 0.016, 0.013,1
0.02152954382508284, 0.013, 0.0020, 0.045, 0.071, 0.34541005515386586, 0.152, 0.121, 0.167, 0.3875700254767598, 0.078, 0.037, 0.123, 0.261, 0.428, 0.612, 0.744, 0.813, 0.901, 0.96, 0.916, 0.914, 0.785, 0.513, 0.344, 0.329, 0.257, 0.368, 0.576, 0.619, 0.461, 0.362, 0.443, 0.386, 0.309, 0.214, 0.111, 0.139, 0.152, 0.1, 0.164, 0.19, 0.131, 0.178, 0.2, 0.076, 0.073, 0.075, 0.045, 0.013, 0.017, 0.012, 0.02830557036802768, 0.0050, 0.0050, 0.0030, 0.0020, 0.016509349178641417, 0.0050, 0.0020,1
0.016, 0.02, 0.02, 0.039, 0.075, 0.144, 0.149, 0.148, 0.244, 0.282, 0.369, 0.375, 0.393, 0.331, 0.108, 0.114, 0.345, 0.544, 0.647, 0.728, 0.789, 0.826, 0.87, 0.784, 0.714, 0.57, 0.291, 0.464, 0.641, 0.74, 0.807, 0.842, 1.0, 0.954, 0.676, 0.39, 0.125, 0.363, 0.636, 0.812, 0.766, 0.542, 0.261, 0.172, 0.281, 0.276, 0.198, 0.13233481018625545, 0.122, 0.049, 0.0030, 0.0080, 0.0030, 0.0030, 0.0080, 0.0020, 0.0080, 0.011, 0.0080, 0.0030,1
0.041, 0.028, 0.06, 0.052, 0.049, 0.038, 0.061, 0.112, 0.124, 0.23, 0.137, 0.134, 0.214, 0.153, 0.078, 0.12, 0.09, 0.069, 0.207, 0.298, 0.284, 0.335, 0.362, 0.32, 0.345, 0.356, 0.389, 0.662, 0.925, 1.0, 0.853, 0.63, 0.525, 0.401, 0.29, 0.201, 0.336, 0.48, 0.615, 0.625, 0.497, 0.349, 0.266, 0.314, 0.428, 0.426, 0.351, 0.246, 0.126, 0.04340026604183956, 0.018, 0.022, 0.0040, 0.0020, 0.0060, 0.013, 0.011, 0.0050, 0.0080, 0.0040,1
0.013, 0.012, 0.044, 0.062, 0.043, 0.035, 0.038, 0.045, 0.132, 0.138, 0.203, 0.239, 0.211, 0.144, 0.074, 0.153, 0.305, 0.412, 0.547, 0.593, 0.666, 0.733, 0.714, 0.701, 0.776, 0.914, 0.996, 1.0, 0.6565283151246906, 0.658, 0.271, 0.175, 0.271, 0.485, 0.718, 0.821, 0.754, 0.65, 0.471, 0.348, 0.351, 0.318, 0.2667805700248062, 0.366, 0.285, 0.171, 0.069, 0.03, 0.029, 0.012, 0.0020, 0.0080, 0.03868384279862135, 0.0020, 0.0040, 0.0060, 0.0010, 0.0010, 0.02740360016920687, 0.0030,1
0.018, 0.014, 0.08478651796718746, 0.063, 0.06, 0.081, 0.209, 0.346, 0.528, 0.596, 0.625, 0.451, 0.369, 0.286, 0.164, 0.042, 0.31839577861442137, 0.439, 0.695, 0.81, 0.855, 0.872, 0.86, 0.92, 0.873, 0.808, 0.869, 0.841, 0.579, 0.375, 0.348, 0.464, 0.65, 0.69, 0.567, 0.519, 0.506, 0.388, 0.376, 0.374, 0.26, 0.159, 0.188, 0.227, 0.158, 0.121, 0.088, 0.085, 0.036, 0.022, 0.0090, 0.012, 0.0060, 0.019, 0.011, 0.013, 0.0080, 0.016, 0.016, 0.0080,1
0.018, 0.07793161366389403, 0.048, 0.07, 0.162, 0.089, 0.06, 0.107, 0.318, 0.292, 0.327, 0.304, 0.7081450881862884, 0.259, 0.168, 0.131, 0.28, 0.452, 0.664, 0.768, 0.696, 0.439, 0.243, 0.9665057046335437, 0.497, 0.817, 1.0, 0.924, 0.852, 0.5125794216265389, 0.577, 0.519, 0.682, 0.622, 0.505, 0.358, 0.381, 0.381, 0.336, 0.8851832541798202, 0.365, 0.27731658750384036, 0.345, 0.21, 0.103, 0.08, 0.07, 0.053, 0.024, 0.012, 0.012, 0.012, 0.011, 0.01, 0.0030, 0.0020, 0.0030, 0.0050, 0.0070, 0.0020,1
0.039, 0.042, 0.045, 0.3181751902839577, 0.06, 0.142, 0.096, 0.08, 0.162, 0.256, 0.308, 0.34, 0.34, 0.395, 0.335, 0.225, 0.209, 0.225, 0.338, 0.458, 0.647, 0.671, 0.863597183165978, 0.762, 0.774, 0.677, 0.10136502968086047, 0.783, 0.41497621713554866, 1.0, 0.809, 0.556, 0.541, 0.499, 0.311, 0.29, 0.224, 0.096, 0.229, 0.323, 0.345, 0.388, 0.324, 0.093, 0.117, 0.057, 0.077, 0.097, 0.059, 0.0050, 0.012, 0.015, 0.0040, 0.011, 0.0030, 0.0060, 0.01, 0.0070, 0.0050, 0.0090,1
0.016, 0.024, 0.015, 0.049, 0.099, 0.142, 0.146, 0.122, 0.17, 0.192, 0.236, 0.272, 0.305, 0.299, 0.223, 0.5032620715185213, 0.246, 0.31, 0.357, 0.428, 0.427, 0.374, 0.458, 0.609, 0.722, 0.76, 0.871, 1.0, 0.982, 0.719, 0.585, 0.419, 0.376, 0.326, 0.194, 0.139, 0.167, 0.128, 0.167, 0.257, 0.226, 0.278, 0.161, 0.134, 0.198, 0.123, 0.155, 0.106, 0.049, 0.01, 0.022, 0.012, 0.011, 0.0060, 0.0030, 0.0080, 0.0030, 0.0050, 0.0020, 0.0020,1
0.0060, 0.027, 0.022, 0.056, 0.094, 0.115, 0.071, 0.1, 0.167, 0.186, 0.248, 0.271, 0.293, 0.264, 0.188, 0.14, 0.203, 0.261, 0.278, 0.335, 0.383, 0.4, 0.511, 0.686, 0.749, 0.784, 0.902, 1.0, 0.889, 0.651, 0.608, 0.446, 0.295, 0.173, 0.149, 0.08, 0.177, 0.138, 0.24, 0.6527899066253542, 0.197, 0.278, 0.138, 0.068, 0.066, 0.18977250733314374, 0.181, 0.124, 0.052, 0.0040, 0.018, 0.0070, 0.0060, 0.0070, 0.0070, 0.0080, 0.0040, 0.0020, 0.0030, 0.0010,1
0.024, 0.032, 0.042, 0.04, 0.079, 0.077, 0.088, 0.114, 0.159, 0.205, 0.265, 0.31, 0.238, 0.192, 0.143, 0.174, 0.178, 0.285, 0.504, 0.617, 0.762, 0.812, 0.779, 0.879, 0.881, 0.947, 1.0, 0.974, 0.845, 0.615, 0.43, 0.316, 0.287, 0.202, 0.121, 0.027, 0.058, 0.126, 0.107, 0.108, 0.036, 0.12, 0.206, 0.205, 0.188, 0.205, 0.172, 0.107, 0.048, 0.017, 0.019, 0.01, 0.0070, 0.0080, 0.03272696164057752, 0.0030, 0.0030, 0.0010, 0.0040, 0.0060,1
0.03, 0.035, 0.09125802801019932, 0.061, 0.017, 0.135, 0.146, 0.112, 0.194, 0.235, 0.29, 0.281, 0.158, 0.11185851861183961, 0.067, 0.144, 0.207, 0.264, 0.283, 0.429, 0.568, 0.699, 0.725, 0.762, 0.924, 1.0, 0.998, 0.83, 0.703, 0.714, 0.689, 0.496, 0.258, 0.097, 0.078, 0.036, 0.157, 0.182, 0.135, 0.085, 0.049, 0.05619056252534281, 0.155, 0.155, 0.132, 0.098, 0.126, 0.095, 0.049, 0.024, 0.0040, 0.0090, 0.0050, 0.013, 0.0040, 0.0040, 0.0030, 0.0080, 0.0040, 0.0050,1
0.026, 0.021150515261839732, 0.014, 0.027, 0.021, 0.034, 0.066, 0.14, 0.184, 0.235, 0.272, 0.244, 0.166, 0.034, 0.13, 0.171, 0.218, 0.318, 0.371, 0.455, 0.57, 0.74, 0.806, 0.884, 0.943, 1.0, 0.938, 0.76, 0.712, 0.836, 0.762, 0.457, 0.172, 0.155, 0.164, 0.187, 0.266, 0.171, 0.096, 0.077, 0.085, 0.208, 0.25, 0.186, 0.144, 0.0764978159473971, 0.5114091286769624, 0.0040, 0.015, 0.012, 0.018, 0.015, 0.013, 0.0050, 0.0040, 0.0060, 0.0040, 0.0040, 0.0060, 0.031166902397332455,1
0.026, 0.058, 0.11, 0.108, 0.097, 0.228, 0.243, 0.377, 0.56, 0.619, 0.633, 0.706, 0.554, 0.532, 0.648, 0.693, 0.676, 0.755, 0.893, 0.862, 0.797, 0.674, 0.429, 0.365, 0.533, 0.241, 0.507, 0.853, 0.604, 0.851, 0.9239194656014255, 0.504, 0.186, 0.271, 0.423, 0.304, 0.612, 0.676, 0.538, 0.472, 0.465, 0.259, 0.213, 0.222, 0.211, 0.018, 0.135, 0.074, 0.013, 0.011, 0.0030, 0.023, 0.017, 0.01, 0.018, 0.024, 0.032, 0.016, 0.01, 0.0080,0
0.022, 0.038, 0.048, 0.048, 0.065, 0.059, 0.075, 0.01, 0.068, 0.149, 0.116, 0.165, 0.383, 0.36, 0.171, 0.114, 0.035, 0.38, 0.74, 0.18460104859401497, 0.7655060645289501, 0.889, 0.671, 0.429, 0.337, 0.737, 0.961, 0.735, 0.486, 0.159, 0.301, 0.41, 0.317, 0.33, 0.341, 0.219, 0.246, 0.273, 0.168, 0.279, 0.256, 0.174, 0.212, 0.3528619809636991, 0.098, 0.127, 0.146, 0.116, 0.078, 0.044, 0.0060, 0.014, 0.013, 0.014, 0.0060, 0.0050, 0.0060, 0.0090, 0.0060, 0.0020,0
0.0090, 0.0060, 0.025, 0.049, 0.12, 0.159, 0.139, 0.099, 0.096, 0.19, 0.19, 0.255, 0.407, 0.299, 0.29, 0.533, 0.402, 0.157, 0.302, 0.391, 0.354, 0.444, 0.641, 0.46, 0.13992360613586466, 0.869, 0.834, 0.767, 0.508, 0.462, 0.538, 0.538, 0.384, 0.36, 0.74, 0.27229953436001664, 0.386, 0.067, 0.368, 0.611, 0.351, 0.231, 0.22, 0.305, 0.194, 0.157, 0.048, 0.054, 0.015, 0.0070, 0.019, 0.0060, 0.01, 0.028529710271286247, 0.0080, 0.015, 0.016, 0.0050, 0.019, 0.01,0
0.03, 0.062, 0.065, 0.092, 0.162, 0.229, 0.218, 0.203, 0.146, 0.085, 0.248, 0.364, 0.278, 0.283, 0.324, 0.434, 0.564, 0.456, 0.435, 0.643, 0.393, 0.199, 0.354, 0.916, 0.937, 0.462, 0.277, 0.661, 0.803, 0.42, 0.519, 0.696, 0.579, 0.889, 0.786, 0.713, 0.762, 0.44, 0.301, 0.316, 0.281, 0.29, 0.053, 0.187, 0.155, 0.060220969030917844, 0.125, 0.075, 0.045, 0.0060, 0.015, 0.0030, 0.015, 0.0070, 0.021, 0.0080, 0.015, 0.0050, 0.02, 0.0070,0
0.01, 0.028, 0.019, 0.037, 0.042, 0.02, 0.031, 0.065, 0.19, 0.267, 0.338, 0.328, 0.5699728163494665, 0.127, 0.128, 0.444, 0.68, 0.705, 0.797, 0.41743487976431726, 0.5844520185693288, 0.819, 0.579, 0.639, 0.704, 0.688, 0.408, 0.181, 0.206, 0.392, 0.379, 0.204, 0.223, 0.334, 0.398, 0.508, 0.553, 0.335, 0.272, 0.228, 0.204, 0.199, 0.084, 0.091, 0.138, 0.195, 0.121, 0.084, 0.059, 0.025, 0.012, 0.0090, 0.01, 0.0040, 0.0090, 0.0050, 0.012, 0.0020, 0.0090, 0.0060,0
0.024, 0.022, 0.032, 0.057, 0.033, 0.051, 0.09, 0.071, 0.057, 0.30882675623377476, 0.193, 0.243, 0.291, 0.261, 0.381, 0.5, 0.302, 0.366, 0.679, 0.731, 0.505, 0.444, 0.699, 0.813, 0.778, 0.894, 0.893, 0.891, 0.861, 0.806, 0.554, 0.245, 0.346, 0.162, 0.247, 0.556, 0.468, 0.098, 0.158, 0.075, 0.332, 0.374, 0.267, 0.108, 0.142, 0.169, 0.074, 0.063, 0.014, 0.023, 0.0060, 0.016, 0.03710789928471388, 0.0090, 0.011, 0.0090, 0.0050, 0.0020, 0.0070, 0.0020,0
0.0080, 0.015, 0.029, 0.043, 0.095, 0.075, 0.041, 0.026, 0.069, 0.175, 0.197, 0.117, 0.336618554984829, 0.081, 0.218, 0.512, 0.723, 0.778, 0.622, 0.35, 0.373, 0.262, 0.378, 0.736, 0.867, 0.822, 0.777, 0.786, 0.565, 0.364, 0.353, 0.386, 0.337, 0.169, 0.263, 0.32, 0.139, 0.105, 0.168, 0.191, 0.117, 0.093, 0.086, 0.095, 0.099, 0.096, 0.043, 0.041, 0.026909419615964734, 0.018, 0.0060, 0.024, 0.011, 0.014, 0.012, 0.0060, 0.0060, 0.0030, 0.0070, 0.0040,0
0.02, 0.021, 0.0060, 0.019, 0.032, 0.057, 0.1, 0.067, 0.069, 0.024, 0.073, 0.064, 0.3, 0.385, 0.477, 0.46, 0.318, 0.9141739065614934, 0.643, 1.0, 0.863, 0.521, 0.316, 0.595, 0.773, 0.604, 0.438, 0.549, 0.472, 0.624, 0.385, 0.159, 0.389, 0.529, 0.35, 0.448, 0.404, 0.503, 0.648, 0.549, 0.355, 0.203, 0.188, 0.084, 0.132, 0.159, 0.056, 0.062, 0.034, 0.037, 0.026, 0.016, 0.0070, 0.027, 0.02, 0.0090, 0.022126142061810506, 0.01, 0.0020, 0.0050,0
0.044, 0.048, 0.27693718589165645, 0.058, 0.028, 0.068, 0.166, 0.149, 0.097, 0.127, 0.111, 0.238, 0.201, 0.214, 0.111, 0.204, 0.247, 0.6904440473528682, 0.834, 0.825, 0.802, 0.898, 0.966, 0.852, 0.663, 0.324, 0.205, 0.567, 0.573, 0.488, 0.753, 0.76, 0.518, 0.8815327493465814, 0.556, 0.557, 0.134, 0.383, 0.461, 0.433, 0.256, 0.147, 0.349, 0.266, 0.094, 0.137, 0.134, 0.23335963887659825, 0.072, 0.064, 0.021, 0.02, 0.022, 0.014, 0.0060, 0.0070, 0.0080, 0.01, 0.0060, 0.01,0
0.012, 0.0020, 0.02, 0.021, 0.018, 0.049, 0.0030, 0.04, 0.079, 0.048, 0.115, 0.052, 0.119, 0.194, 0.184, 0.208, 0.196, 0.163, 0.122, 0.6556758196758283, 0.135, 0.316, 0.464, 0.591, 0.678, 0.812, 0.859, 0.923, 0.839, 0.724, 0.629, 0.518, 0.9930273439700313, 0.526, 0.515, 0.393, 0.128, 0.041, 0.086, 0.113, 0.8387607147700061, 0.176, 0.4631383586151382, 0.196, 0.066, 0.058, 0.032, 0.03, 0.027, 0.0070, 0.015, 0.012, 0.013, 0.0030, 0.0040, 0.0020, 0.011, 0.0060, 0.0050, 0.0070,0
0.02, 0.012, 0.012, 0.024, 0.055, 0.2737229359167914, 0.089, 0.084, 0.134, 0.12, 0.174, 0.139, 0.204, 0.258, 0.262, 0.4861878737155786, 0.253, 0.321, 0.433, 0.476, 0.533, 0.606, 0.67, 0.748, 0.893, 0.94, 1.0, 0.978, 0.18378000953788404, 0.764, 0.67, 0.499, 0.372, 0.22, 0.142, 0.268, 0.6120897292304062, 0.31, 0.339, 0.212, 0.117, 0.266, 0.22, 0.154, 0.146, 0.104, 0.122, 0.074, 0.049, 0.022, 0.0030, 0.0080, 0.0040, 0.0060, 0.0080, 0.0040, 0.0040, 0.003228661102994499, 0.0010, 0.0020,0
0.021, 0.019, 0.013, 0.021, 0.061, 0.061, 0.061, 0.051, 0.099, 0.109, 0.106, 0.118, 0.129, 0.778674595165922, 0.168, 0.192, 0.162, 0.165, 0.14, 0.143, 0.243, 0.282, 0.28340614544679554, 0.644, 0.906, 1.0, 0.809, 0.29462666656883124, 0.526, 0.368, 0.9291992326549252, 0.102, 0.134, 0.158, 0.195, 0.179, 0.043, 0.11, 0.3441852035087498, 0.248, 0.315, 0.292, 0.19, 0.07, 0.076, 0.091, 0.044, 0.024, 0.026, 0.01, 0.014, 0.045314787030293326, 0.0060, 0.0080, 0.0090, 0.0040, 0.0030, 0.0020, 0.0050, 0.0020,0
0.014, 0.022, 0.0090, 0.011, 0.022, 0.014, 0.066, 0.095, 0.079, 0.102, 0.126, 0.07714444628105137, 0.049, 0.085, 0.151, 0.14, 0.107, 0.192, 0.299, 0.325, 0.38, 0.566, 0.748, 0.876, 0.905, 0.751, 0.686, 0.704, 0.586, 0.377, 0.221, 0.263, 0.267, 0.291, 0.198, 0.229, 0.319, 0.287, 0.292, 0.281, 0.268, 0.211, 0.151, 0.179, 0.185, 0.172, 0.09, 0.066, 0.044, 0.011, 0.02202060481580454, 0.0060, 0.0070, 0.011, 0.0010, 0.0020, 0.0020, 0.0060, 0.0040, 0.0050,0
0.023, 0.035, 0.0030, 0.03, 0.034, 0.086, 0.174, 0.135, 0.106, 0.035, 0.058, 0.138, 0.227, 0.404, 0.522, 0.685, 0.752, 0.776, 0.771, 0.863, 1.0, 0.887, 0.806, 0.876, 0.907, 0.943, 0.885, 0.65, 0.297, 0.242, 0.299, 0.228, 0.228, 0.153, 0.104, 0.035, 0.107, 0.137, 0.133, 0.145, 0.112, 0.044, 0.076, 0.138, 0.083, 0.065, 0.084, 0.06, 0.05, 0.031, 0.015, 0.011, 0.01, 0.0020, 0.0050, 0.0070, 0.0060, 0.0040, 0.0040, 0.0030,0
0.01, 0.019, 0.016, 0.049, 0.084, 0.101, 0.163, 0.207, 0.27, 0.299, 0.324, 0.356, 0.395, 0.52, 0.695, 0.847, 1.0, 0.928, 0.851, 0.801, 0.814, 0.882, 0.73, 0.611, 0.716, 0.846, 0.632, 0.481, 0.629, 0.715, 0.6, 0.424, 0.411, 0.399, 0.173, 0.198, 0.237, 0.134, 0.158, 0.315, 0.197, 0.205, 0.127, 0.113, 0.195, 0.22, 0.193, 0.15, 0.077, 0.02, 0.012, 0.013, 0.0070, 0.0080, 0.0080, 0.0060, 0.0080, 0.0020, 0.0050, 0.0020,0
0.086, 0.045, 0.038, 0.02, 0.038, 0.053, 0.2411751565374842, 0.311, 0.284, 0.275, 0.6449677893868572, 0.095, 0.102, 0.452, 0.674, 0.67, 0.707, 0.563, 0.378, 0.272, 0.53, 0.77, 0.864, 0.93, 0.937, 0.625, 0.602, 0.681, 0.505, 0.578, 0.475, 0.24, 0.278, 0.2, 0.53, 0.741, 0.778, 0.4572723138125781, 0.142, 0.351, 0.448, 0.421, 0.305, 0.28366606940041905, 0.261, 0.28, 0.239, 0.202, 0.133, 0.036, 0.013, 0.017, 0.014, 0.0080, 0.0040, 0.0050, 0.026, 0.01, 0.0040, 0.0040,0
0.024, 0.029, 0.075, 0.052, 0.023, 0.083, 0.068, 0.2, 0.288, 0.367, 0.297, 0.084, 0.191, 0.504, 0.635, 0.68, 0.75, 0.66, 0.451, 0.296, 0.402, 0.679, 0.83, 1.0, 0.4480428232457589, 0.712, 0.773, 0.612, 0.494, 0.565, 0.491, 0.182, 0.181, 0.7990341177643356, 0.46, 0.665, 0.642, 0.217, 0.195, 0.495, 0.492, 0.404, 0.24, 0.139, 0.178, 0.195, 0.172, 0.152, 0.093, 0.018, 0.01979182146484773, 0.0080, 0.0040, 0.01, 0.01, 0.0029897359334839827, 0.013, 0.0070, 0.011, 0.0090,0
0.025, 0.081, 0.051, 0.024, 0.172, 0.382, 0.373, 0.358, 0.343, 0.22, 0.265, 0.322, 0.558, 0.692, 0.794, 0.715, 0.351, 0.201, 0.268, 0.7445287471843252, 0.528, 0.349, 0.143, 0.545, 0.634, 0.771, 0.684, 0.802, 0.807, 0.4714813106340546, 0.779, 0.505, 0.141, 0.277, 0.508, 0.479, 0.136, 0.23, 0.279, 0.383, 0.293, 0.116, 0.17, 0.129, 0.091, 0.08, 0.057, 0.02, 0.011, 0.015, 0.0080, 0.018, 0.0070, 0.0080, 0.021611109974936375, 0.012, 0.0030, 0.0040, 0.0080, 0.0050,0
0.0020, 0.031, 0.017, 0.023, 0.043, 0.122, 0.195, 0.166, 0.137, 0.143, 0.099, 0.225, 0.244, 0.324, 0.304, 0.241, 0.037, 0.167, 0.304, 0.407, 0.834378562619765, 0.199, 0.461, 0.685, 0.727, 0.715, 0.71, 0.852, 1.0, 0.769, 0.484, 0.372, 0.61, 0.511, 0.259, 0.092, 0.095, 0.229, 0.348, 0.21, 0.19, 0.294, 0.221, 0.152, 0.075, 0.061, 0.069, 0.045, 0.014310952529849241, 0.0080, 0.011, 0.015, 0.0080, 0.0040, 0.011, 0.0080, 0.01, 0.0020, 0.0030, 0.0010,0
0.049, 0.028, 0.059, 0.127, 0.177, 0.191, 0.222, 0.077, 0.125, 0.203, 0.095, 0.25, 0.48579749747547263, 0.32, 0.334, 0.332, 0.278, 0.298, 0.295, 0.173, 0.326, 0.383, 0.352, 0.541, 0.523, 0.448, 0.534, 0.532, 0.391, 0.346, 0.409, 0.464, 0.558, 0.573, 0.636, 0.756, 0.69, 0.618, 0.538, 0.562, 0.651, 0.48, 0.374, 0.28, 0.198, 0.244, 0.179, 0.171, 0.076, 0.024, 0.027, 0.0080, 0.013, 0.016, 0.0060, 0.012, 0.019, 0.014, 0.033, 0.044,1
0.031, 0.052, 0.065, 0.052, 0.061, 0.058, 0.1897356879978291, 0.066, 0.146, 0.279, 0.388, 0.499, 0.498, 0.497, 0.561, 0.734, 0.823, 0.917, 0.998, 0.991, 0.9490717808543871, 0.65, 0.598, 0.486, 0.315, 0.154, 0.099, 0.028, 0.101, 0.264, 0.269, 0.293, 0.292, 0.956243344703513, 0.366, 0.317, 0.461, 0.437, 0.182, 0.338, 0.62, 0.445, 0.186, 0.142, 0.059, 0.058, 0.3001756473547257, 0.027, 0.024, 0.019, 0.0060, 0.032, 0.019, 0.014, 0.028, 0.015, 0.0050, 0.012, 0.012, 0.0060,1
0.045, 0.047, 0.07, 0.102, 0.36559981438438405, 0.149, 0.149, 0.077, 0.117, 0.168, 0.28, 0.332, 0.401, 0.43, 0.535, 0.541, 0.687, 0.804, 0.919, 0.917, 1.0, 0.997, 0.909, 0.792, 0.67, 0.532, 0.357, 0.248, 0.316, 0.378, 0.314, 0.171, 0.294, 0.523, 0.593, 0.544, 0.10748542566026686, 0.338, 0.322, 0.218, 0.167, 0.263, 0.298, 0.204, 0.116, 0.092, 0.088, 0.023, 0.15698353875032245, 0.06642072154917306, 0.014, 0.012, 0.0040, 0.024, 0.013, 0.0080, 0.022, 0.032, 0.02000118817109642, 0.03754366886255882,1
0.011, 0.022, 0.027, 0.038, 0.122, 0.206, 0.149, 0.093, 0.135, 0.18, 0.249, 0.297, 0.367, 0.439, 0.526, 0.676, 0.74, 0.828, 0.903, 0.958, 1.0, 0.998, 0.89, 0.749, 0.637, 0.674, 0.721, 0.682, 0.551, 0.479, 0.392, 0.253, 0.109, 0.139, 0.255, 0.33, 0.282, 0.214, 0.227, 0.214, 0.235, 0.287, 0.26, 0.192, 0.126, 0.1, 0.095, 0.1672738283107229, 0.073, 0.017, 0.021, 0.027, 0.015, 0.026, 0.01, 0.0040, 0.0050, 0.014, 0.01, 0.0020,1
0.041, 0.044, 0.045, 0.04813363528766987, 0.042, 0.122, 0.2, 0.3665345426587236, 0.082, 0.198, 0.231, 0.302, 0.394, 0.505, 0.587, 0.661, 0.742, 0.801, 0.846, 0.794, 0.88, 0.838, 0.20228997931310205, 0.848, 0.743, 0.643, 0.551, 0.352, 0.440894551909737, 0.335, 0.206, 0.103, 0.317, 0.404, 0.428, 0.454, 0.37, 0.374, 0.384, 0.349, 0.438, 0.426, 0.285, 0.281, 0.24, 0.037, 0.08, 0.054, 0.018, 0.0060, 0.022, 0.0040, 0.014, 0.011, 0.0050, 0.016, 0.014, 0.0080, 0.025, 0.02,1
0.023, 0.011, 0.013, 0.084, 0.112, 0.151, 0.178, 0.1, 0.143, 0.223, 0.262, 0.311, 0.04475024154636781, 0.332, 0.376, 0.45, 0.476, 0.625, 0.73, 0.87, 0.935, 0.961, 0.913, 0.6482504553683686, 1.0, 0.30675903918472097, 0.882, 0.752, 0.707, 0.599, 0.386, 0.251, 0.216, 0.097, 0.132, 0.134, 0.225, 0.324, 0.394, 0.381, 0.326, 0.365, 0.298, 0.178, 0.154, 0.7094374783878301, 0.096, 0.076, 0.065, 0.030829004506307888, 0.05171391988445864, 0.01, 0.018, 0.0080, 0.0070, 0.022683367391043197, 0.0060, 0.0040, 0.0060, 0.0040,1
0.036, 0.048, 0.03, 0.021, 0.141, 0.192, 0.135, 0.161, 0.17, 0.144, 0.199, 0.215, 0.286, 0.357, 0.398, 0.436, 0.533, 0.63, 0.7, 0.744, 0.838, 0.864, 0.901, 0.943, 0.954, 1.0, 0.955, 0.974, 0.896, 0.7794111722436294, 0.546, 0.316, 0.252, 0.197, 0.8971728473722872, 0.153, 0.14617882529883153, 0.15, 0.176, 0.228, 0.132, 0.106, 0.197, 0.169, 0.188, 0.118, 0.078, 0.05, 0.049, 0.019, 0.025, 0.012, 0.023831414465753226, 0.0060, 0.01, 0.0050, 0.0070, 0.011, 0.0070, 0.03205078950572078,1
0.016, 0.0040, 0.024, 0.044, 0.063, 0.092, 0.137, 0.108, 0.155, 0.178, 0.216, 0.257, 0.309, 0.383, 0.439, 0.534, 0.6, 0.673, 0.731, 0.809, 0.894, 0.967, 1.0, 0.989, 0.938, 0.899, 0.918, 0.913, 0.781, 0.602, 0.376, 0.33, 0.228, 0.021, 0.769847241904551, 0.179, 0.237, 0.284, 0.224, 0.272, 0.336, 0.255, 0.187, 0.216, 0.128, 0.077, 0.107, 0.095, 0.064, 0.023, 0.013, 0.017, 0.014, 0.011, 0.0060, 0.016, 0.0090, 0.0040, 0.0050, 0.0030,1
0.025, 0.012, 0.028, 0.076, 0.122, 0.154, 0.119, 0.123, 0.212, 0.253, 0.286, 0.296, 0.334, 0.429, 0.52, 0.609, 0.724, 0.758, 0.773, 0.81, 0.9, 0.925, 0.936, 0.985, 0.978, 1.0, 0.99, 0.908, 0.731, 0.576, 0.447, 0.372, 0.208, 0.096, 0.049, 0.141, 0.255, 0.205, 0.161, 0.223, 0.177, 0.229, 0.252, 0.146, 0.067, 0.096, 0.149, 0.113, 0.046, 0.019, 0.014, 0.0030, 0.0070, 0.015, 0.0010, 0.013, 0.0050, 0.024, 0.0080, 0.0070,1
0.137, 0.123, 0.138, 0.148, 0.178, 0.143, 0.177, 0.216, 0.163, 0.207, 0.426, 0.548, 0.713, 0.7, 0.678, 0.794, 0.938, 0.892, 0.915, 0.783, 0.796, 0.34945691184919725, 0.772, 0.662, 0.486, 0.557, 0.47, 0.564, 0.452, 0.337, 0.268, 0.234, 0.305, 0.302, 0.275, 0.104, 0.176, 0.316, 0.36, 0.274, 0.13, 0.246, 0.34, 0.175, 0.068, 0.6348102884781105, 0.064, 0.053, 0.053, 0.027, 0.017, 0.012, 0.013, 0.034, 0.0060, 0.0070, 0.0020, 0.0080, 0.015, 0.0050,1
0.0050, 0.0060, 0.0080, 0.055, 0.088, 0.128, 0.167, 0.137, 0.292, 0.347, 0.326, 0.326, 0.23, 0.125, 0.21, 0.24, 0.193, 0.167, 0.123, 0.09, 0.156, 0.329, 0.527, 0.8366860041871402, 0.791, 0.894, 0.94, 0.949, 0.904, 0.915, 0.883, 0.809, 0.718, 0.672, 0.737338523927922, 0.688, 0.624, 0.5241513361074382, 0.33795869705336135, 0.424, 0.455, 0.439, 0.432, 0.492, 0.471, 0.32, 0.224, 0.181, 0.099, 0.025, 0.013, 0.01, 0.013, 0.0070, 0.0040, 0.0070, 3.7138324518953055E-4, 0.0040, 0.0, 0.0030,1
0.03, 0.16241418613270256, 0.07117315154270575, 0.023, 0.046, 0.066, 0.094, 0.20291137941458992, 0.254, 0.313, 0.219, 0.262, 0.242, 0.218, 0.116, 0.124, 0.089, 0.176, 0.176, 0.154, 0.051, 0.18, 0.404, 0.57, 0.658, 0.747, 0.854, 0.908, 0.867, 0.889, 0.906, 0.852, 0.72, 0.62, 0.625, 0.685, 0.734, 0.628, 0.572, 0.612, 0.56, 0.496, 0.503, 0.577, 0.591, 0.48, 0.388, 0.278, 0.143, 0.042, 0.027, 0.02, 0.0070, 0.0070, 0.0090, 0.0090, 0.0070, 0.0040, 0.0060, 0.0020,1
0.022, 0.015, 0.035, 0.035, 0.048, 0.053, 0.077, 0.25280962003879476, 0.145, 0.211, 0.234, 0.209, 0.164, 0.169, 0.165, 0.197, 0.293, 0.371, 0.431, 0.416, 0.512, 0.65, 0.772, 0.849, 0.91, 0.891, 0.819, 0.678, 0.537, 0.521, 0.565, 0.575, 0.525, 0.426, 0.333, 0.233, 0.145, 0.165, 0.269, 0.373, 0.447, 0.413, 0.374, 0.302, 0.207, 0.179, 0.169, 0.134, 0.077, 0.07985863231491731, 0.02, 0.012, 0.0070, 0.02929676869099419, 0.0030, 0.0050, 0.0030, 0.0020, 0.023133676671221307, 0.0030,1
0.0070, 0.0030, 0.0090, 0.0060, 0.042, 0.086, 0.118, 0.1, 0.198, 0.232, 0.247, 0.288, 0.213, 0.071, 0.119, 0.281, 0.422, 0.528, 0.586, 0.615, 0.675, 0.787, 0.897, 0.1627057584064793, 1.0, 0.846, 0.606, 0.304, 0.014, 0.253, 0.434, 0.492, 0.05712215318929454, 0.596, 0.525, 0.378, 0.237, 0.172, 0.188, 0.5996873857396859, 0.258, 0.242, 0.271, 0.232, 0.172, 0.146, 0.118, 0.087, 0.039, 0.013, 0.0090, 0.0080, 0.0070, 0.0080, 0.0030, 0.0060, 0.0040, 0.0040, 0.0010, 0.0040,1
0.02, 0.039, 0.038, 0.0080, 0.025, 0.063, 0.075, 0.058, 0.136, 0.17, 0.173, 0.247, 0.314, 0.33, 0.276, 0.206, 0.116, 0.188, 0.339, 0.393, 0.428, 0.542, 0.645, 0.722, 0.785, 0.798, 0.885, 0.958, 0.899, 0.683, 0.611, 0.548, 0.506, 0.448, 0.24, 0.8080443593859775, 0.177, 0.174, 0.333, 0.402, 0.301, 0.208, 0.121, 0.026, 0.03, 0.069, 0.078, 0.078, 0.037, 0.0060, 0.0090, 0.013, 0.01, 0.0040, 0.0060, 0.019369866083695057, 0.0040, 0.0040, 0.0050, 0.0050,1
0.01, 0.031, 0.054, 0.041, 0.33255345599016956, 0.104, 0.102, 0.139, 0.259, 0.374, 0.423, 0.45, 0.54, 0.18355476782856386, 0.333, 0.35, 0.343, 0.285, 0.406, 0.683, 0.765, 0.667, 0.57, 0.6, 0.648, 0.861, 0.982, 0.938, 0.844, 0.36620927455350977, 0.54, 0.689, 0.598, 0.324, 0.052, 0.316, 0.359, 0.388, 0.572, 0.431, 0.305, 0.439, 0.43, 0.483, 0.508, 0.195, 0.154, 0.204, 0.105, 0.025, 0.036, 0.018, 0.0020, 0.01, 0.013, 0.0040, 0.0040, 0.0030, 0.0030, 0.0030,1
0.037, 0.18481088683447125, 0.01, 0.057, 0.076, 0.068, 0.097, 0.147, 0.216, 0.254, 0.294, 0.26065408124277695, 0.266, 0.319, 0.279, 0.253, 0.198, 0.193, 0.283, 0.324, 0.35, 0.332, 0.422, 0.477, 0.481, 0.632, 0.833, 0.946, 1.0, 0.5468594867475004, 0.552, 0.48, 0.52, 0.397, 0.194, 0.152, 0.201, 0.174, 0.103, 0.224, 0.372, 0.445, 0.394, 0.203, 0.201, 0.219, 0.184, 0.148, 0.097, 0.022, 0.015, 0.01, 0.0020, 0.0020, 0.0060, 0.0090, 0.0010, 0.0090, 0.011, 0.0050,1
0.016, 0.021, 0.028, 0.06, 0.046, 0.078, 0.136, 0.078, 0.104, 0.157, 0.248, 0.278, 0.3351085366471923, 0.296, 0.319, 0.189, 0.173, 0.223, 0.243, 0.315, 0.41, 0.381, 0.49, 0.629, 0.752, 0.798, 0.883, 0.992, 0.922, 0.698, 0.617, 0.507, 0.392, 0.352, 0.218, 0.124, 0.159, 0.163, 0.236, 0.248, 0.244, 0.272, 0.118, 0.116, 0.145, 0.188, 0.195, 0.149, 0.051, 0.016, 0.019, 0.03729625848641066, 0.0060, 0.0080, 0.0090, 0.0040, 0.0060, 0.0060, 0.0050, 0.0020,1
0.032, 0.025, 0.017, 0.048, 0.09, 0.106, 0.102, 0.121, 0.124, 0.012921412442326873, 0.213, 0.254, 0.269, 0.28, 0.189, 0.148, 0.216, 0.242, 0.299, 0.334, 0.379, 0.396, 0.523, 0.691, 0.787, 0.834, 0.92, 1.0, 0.899, 0.646, 0.597, 0.436, 0.3, 0.229, 0.187, 0.092, 0.183, 0.174, 0.245, 0.241, 0.252, 0.318, 0.168, 0.4656440202225102, 0.119, 0.183, 0.188, 0.111, 0.031, 0.014, 0.014, 0.011, 0.0060, 0.0035365269907136746, 0.025542978337161005, 0.0010, 0.0050, 0.0040, 0.0, 0.0060,1
0.013, 0.014, 0.031, 0.038, 0.077, 0.079, 0.066, 0.111, 0.178, 0.224, 0.243, 0.313, 0.15565805141829372, 0.292, 0.225, 0.235, 0.214, 0.294, 0.8691902831132035, 0.613, 0.753, 0.772, 0.743, 0.867, 0.931, 0.984, 1.0, 0.96, 0.872, 0.686, 0.49, 0.328, 0.312, 0.197, 0.102, 0.032, 0.076, 0.091, 0.107, 0.138, 0.066, 0.148, 0.247, 0.279, 0.271, 0.228, 0.182, 0.0436189815796956, 0.055, 0.022, 0.02, 0.012, 0.0090, 0.0070, 0.0020, 0.0030, 0.0050, 0.0020, 0.0020, 0.0030,1
0.012, 0.074, 0.037, 0.05072500925528002, 0.0080, 0.054, 0.111, 0.107, 0.171, 0.227, 0.317, 0.288, 0.266, 0.231, 0.189, 0.179, 0.23, 0.372, 0.622, 0.726, 0.793, 0.804, 0.807, 0.917, 0.933, 0.956, 1.0, 0.982, 0.868, 0.638, 0.4, 0.324, 0.284, 0.241, 0.232, 0.126, 0.069, 0.07, 0.144, 0.148, 0.044, 0.047, 0.148, 0.174, 0.156, 0.165, 0.118, 0.072, 0.032, 0.0060, 0.02, 0.014, 0.01, 0.01, 0.0030, 0.027871206671668033, 0.0040, 0.0040, 0.0060, 0.0040,1
0.032, 0.01, 0.03, 0.056, 0.076, 0.096, 0.099, 0.102, 0.103, 0.215, 0.308, 0.342, 0.299, 0.14, 0.124, 0.153, 0.19, 0.243, 0.212, 0.24, 0.327, 0.595, 0.83, 0.904, 0.3315481766358829, 0.991, 0.945, 1.0, 0.909, 0.741, 0.769, 0.3343215460603408, 0.53, 0.29872002717240714, 0.093, 0.13, 0.116, 0.7260642760144695, 0.177, 0.034, 0.156, 0.082, 0.115, 0.169, 0.095, 0.0080, 0.079, 0.126, 0.065, 0.018, 0.0050, 0.0060, 0.0090, 0.014, 0.0060, 0.0060, 0.0030, 0.0030, 0.0060, 0.0070,1
0.01, 0.10395208897114548, 0.062, 0.02, 0.02, 0.037, 0.11, 0.128, 0.06, 0.6917081484190906, 0.088, 0.199, 0.018, 0.226, 0.173, 0.213, 0.069, 0.228, 0.406, 0.397, 0.274, 0.369, 0.556, 0.485, 0.314, 0.533, 0.5673155506121264, 0.252, 0.209, 0.356, 0.626, 0.734, 0.612, 0.8363004238082329, 0.395, 0.301, 0.7372515450737559, 0.881, 0.986, 0.917, 0.17696490652416014, 0.501, 0.321, 0.32, 0.43, 0.365, 0.389542170056501, 0.158, 0.068, 0.029, 0.024, 0.012, 0.0040, 0.007921231798110818, 0.0080, 0.0070, 0.0050, 0.0040, 0.0040, 0.012,0
0.032, 0.096, 0.132, 0.141, 0.167, 0.171, 0.073, 0.14, 0.208, 0.351, 0.179, 0.066, 0.051, 0.375, 0.542, 0.544, 0.44004701553845005, 0.426, 0.202, 0.423, 0.772, 0.974, 0.939, 0.556, 0.527, 0.683, 0.571, 0.543, 0.218, 0.215, 0.581, 0.632, 0.296, 0.187, 0.297, 0.516, 0.615, 0.428, 0.548, 0.613, 0.502, 0.238, 0.196, 0.175, 0.13, 0.06, 0.112, 0.105, 0.051, 0.016, 0.02, 0.02, 0.025, 0.013, 0.0070, 0.014, 0.0090, 0.014, 0.0040, 0.01,0
0.052, 0.055, 0.084, 0.032, 0.116, 0.092, 0.103, 0.061, 0.146, 0.284, 0.28, 0.309, 0.266, 0.38, 0.563, 0.438, 0.262, 0.12, 0.668, 0.94, 0.783, 0.535, 0.681, 0.917, 0.761, 0.822, 0.887, 0.609, 0.297, 0.11, 0.132, 0.062, 0.099, 0.401, 0.367, 0.105, 0.3413093773138963, 0.393, 0.429, 0.255, 0.115, 0.22, 0.188, 0.144, 0.215, 0.236, 0.112, 0.025, 0.013639371384782573, 0.018, 0.0050, 0.0080, 0.012, 0.0040, 0.012, 0.01, 0.0080, 0.0050, 0.0050, 0.0050,0
0.016, 0.017, 0.035, 0.0070, 0.019, 0.067, 0.106, 0.34554500520730974, 0.096, 0.025, 0.08, 0.106, 0.127, 0.089, 0.02, 0.113, 0.283, 0.323, 0.324, 0.433, 0.607, 0.765, 0.92, 0.972, 0.921, 0.754, 0.829, 0.891, 0.731, 0.69, 0.583, 0.5267448456507979, 0.31, 0.031, 0.024, 0.111, 0.159, 0.137, 0.07, 0.045, 0.062, 0.142, 0.16, 0.2867183214274045, 0.037, 0.069, 0.087, 0.051, 0.0090, 0.02, 0.012, 0.0090, 0.022, 0.018, 0.0080, 0.0070, 0.0030, 0.0040, 0.0060, 0.0040,0
0.0040, 0.0060, 0.015, 0.034, 0.031, 0.05328432974668321, 0.04, 0.027, 0.032, 0.045, 0.049, 0.1, 0.142, 0.119, 0.063, 0.6238206413005992, 0.118, 0.29331435604470646, 0.122, 0.11, 0.185, 0.372, 0.438, 0.571, 0.665, 0.748, 0.765, 0.856, 0.972, 0.922, 0.75, 0.721, 0.776, 0.606, 0.502, 0.45, 0.395, 0.428, 0.2062522294340311, 0.375, 0.197, 0.051, 0.079, 0.127, 0.153, 0.069, 0.04, 0.053, 0.023, 0.0070, 0.0060, 0.0060, 0.012, 0.0050, 0.0060, 0.0090, 0.0040, 0.0, 0.0050, 0.0040,0
0.012, 0.043, 0.06, 0.045, 0.15257554572903914, 0.036, 0.053, 0.034, 0.105, 0.212, 0.164, 0.19, 0.303, 0.202, 0.059, 0.239, 0.366, 0.381, 0.593, 0.63, 0.58, 0.457, 0.445, 0.369, 0.645, 0.894, 0.898, 0.498, 0.333, 0.235, 0.155, 0.367, 0.434, 0.308, 0.302, 0.411, 0.55, 0.413, 0.55, 0.502, 0.313, 0.28, 0.235, 0.23, 0.116, 0.072, 0.062, 0.032, 0.045, 0.017, 0.0080, 0.0080, 0.0060, 0.017, 0.019, 0.0050, 0.011, 0.02, 0.015, 0.0060,0
0.048042268694388275, 0.061, 0.038, 0.077, 0.139, 0.081, 0.057, 0.022, 0.104, 0.119, 0.124, 0.16, 0.352, 0.448, 0.377, 0.576, 0.643, 0.679, 0.716, 0.547, 0.54, 0.636, 0.785, 0.776, 0.578, 0.486, 0.418, 0.6784112930471105, 0.072, 0.061, 0.182, 0.35071710753736945, 0.598, 0.378, 0.25, 0.577, 0.885, 0.841, 0.357, 0.313, 0.61, 0.638, 0.271, 0.142, 0.126, 0.129, 0.079, 0.083, 0.052, 0.022, 0.036, 0.033, 0.013, 0.012, 0.011, 0.0020, 0.0040, 0.0040, 0.011, 0.0080,0
0.031, 0.049, 0.069, 0.083, 0.0080, 0.02, 0.098, 0.102, 0.202, 0.077, 0.1531442032680251, 0.256, 0.281, 0.272, 0.323, 0.346, 0.54, 0.791, 0.906, 0.87, 0.767, 0.296, 0.415, 0.604, 0.318, 0.348, 0.616, 0.805, 0.629, 0.5, 0.583, 0.666, 0.412, 0.126, 0.249, 0.468, 0.538, 0.315, 0.214, 0.185, 0.168, 0.233, 0.102, 0.071, 0.062, 0.078, 0.076, 0.084, 0.059, 0.0070, 0.0090, 0.0090, 0.0030, 0.005798312336392308, 0.019, 0.01, 0.023, 0.018, 0.0050, 0.0040,0
0.021, 0.032, 0.042, 0.029, 0.012, 0.044, 0.13, 0.139, 0.07, 0.057, 0.087, 0.194, 0.148, 0.187, 0.199, 0.328, 0.686, 0.581, 0.25, 0.173, 0.336, 0.559, 0.659, 0.701, 0.81, 0.89, 0.874, 0.789, 0.872, 0.938, 0.892, 0.751, 0.683, 0.761, 0.902, 1.0, 0.912, 0.739, 0.592, 0.406, 0.302, 0.233, 0.293, 0.23, 0.239, 0.191, 0.11, 0.03, 0.017, 0.038, 0.0050, 0.0090, 0.0040, 0.015, 0.011, 0.0020, 0.01, 0.0050, 0.0070, 0.0080,0
0.026, 0.045, 0.039, 0.024, 0.132, 0.17068828221426538, 0.161, 0.214, 0.085, 0.056, 0.089, 0.086, 0.153, 0.152, 0.185, 0.287, 0.201, 0.275, 0.502, 0.217, 0.498, 0.526, 0.365, 0.577, 0.516, 0.572, 0.401, 0.365, 0.668, 0.866, 0.805, 0.408, 0.338, 0.509, 0.678, 0.731, 0.606, 0.704, 0.885, 0.898, 0.775, 0.725, 0.773, 0.776, 0.601, 0.451, 0.31, 0.186, 0.096, 0.021, 0.021, 0.01, 0.015, 0.01, 0.013, 0.02, 0.0020, 0.02, 0.026, 0.018,0
0.037, 0.028, 0.023, 0.022, 0.018, 0.073, 0.084, 0.103, 0.099, 0.08, 0.156, 0.256, 0.262, 0.118, 0.06, 0.156, 0.224, 0.359, 0.179, 0.326, 0.608, 0.699, 0.839, 0.855, 0.771, 0.622, 0.574, 0.44, 0.406, 0.441, 0.513, 0.596, 0.727, 0.654, 0.59, 0.539, 0.49, 0.14193678824602085, 0.414, 0.6, 0.72, 0.663, 0.629, 0.409, 0.321, 0.252, 0.148, 0.099, 0.18875822928565514, 0.027, 0.0070, 0.0010, 0.019825517404318208, 0.0020, 0.0010, 0.0070, 0.01, 0.0050, 0.0080, 0.0060,0
0.013, 0.0080, 0.019, 0.014, 0.044, 0.067, 0.061, 0.013, 0.09, 0.092, 0.144, 0.148, 0.209, 0.256, 0.26, 0.198, 0.239, 0.313, 0.408, 0.453, 0.489, 0.567, 0.623, 0.674, 0.828, 0.882, 0.92, 0.896, 0.755, 0.674, 0.646, 0.6296553550748284, 0.366, 0.23, 0.136, 0.212, 0.24, 0.267, 0.286, 0.206, 0.166, 0.263, 0.255, 0.17, 0.147, 0.129, 0.093, 0.072, 0.032, 0.026, 0.014, 0.0040, 0.0030, 0.0020, 0.0020, 0.0050, 0.014, 0.014, 0.0030, 0.0060,0
0.0090, 0.022, 0.024, 0.044, 0.067, 0.077, 0.05, 0.091, 0.123, 0.118, 0.078, 0.11, 0.104, 0.085, 0.046, 0.13, 0.269, 0.295, 0.367, 0.495, 0.8962800838275068, 0.816, 0.924, 0.871, 0.805, 0.876, 1.0, 0.986, 0.943, 0.811, 0.699, 0.681, 0.659, 0.695, 0.729, 0.668, 0.592, 0.49, 0.344, 0.237, 0.172, 0.101, 0.077, 0.084, 0.026, 0.033, 0.02, 0.031, 0.01, 0.01, 0.0050, 0.0070, 0.0050, 0.0020, 0.0020, 0.0030, 0.0060, 0.0050, 0.0020, 0.0030,0
0.026, 0.044, 0.014, 0.0080, 0.03, 0.044, 0.31738862736439066, 0.078, 0.084, 0.078, 0.033, 0.206, 0.191, 0.106, 0.146, 0.223, 0.207, 0.11, 0.108, 0.116, 0.222, 0.069, 0.206, 0.238, 0.09, 0.228, 0.9041291034240576, 0.846, 0.847, 0.8401788590604391, 0.806, 0.626, 0.654, 0.875, 0.988, 0.935, 0.696, 0.573, 0.587, 0.666, 0.565, 0.525, 0.368, 0.2, 0.151, 0.051, 0.093, 0.098, 0.052, 0.019, 0.09935160595908565, 0.0040, 0.019, 0.016, 0.0070, 0.01, 0.0070, 0.0080, 0.0090, 0.01,0
0.0060, 0.012, 0.0070, 0.011, 0.022, 0.028, 0.053, 0.058, 0.105, 0.111, 0.094, 0.10977701457072445, 0.092, 0.091, 0.149, 0.12732000223205425, 0.127, 0.137, 0.11, 0.129, 0.215, 0.289, 0.424, 0.617, 0.817, 0.962, 0.828, 0.582, 0.467, 0.354, 0.273, 0.141, 0.6109042139283624, 0.218, 0.236, 0.172, 0.059, 0.062, 0.185, 0.245, 0.298, 0.304, 0.228, 0.148, 0.1575729635042541, 0.118, 0.061, 0.033, 0.028, 0.01, 0.0020, 0.0070, 0.0020, 0.0030, 0.0050, 0.0040, 0.0030, 0.0040, 0.0010, 0.0040,0
0.011, 0.0090, 0.012, 0.038, 0.068, 0.086, 0.1, 0.066, 0.094, 0.104, 0.097, 0.05, 0.155, 0.34, 0.48, 0.657, 0.774, 0.783, 0.815, 0.813, 0.83, 0.854, 0.887, 0.889, 0.898, 0.967, 1.0, 0.913, 0.676, 0.466, 0.06057798354201437, 0.296, 0.175, 0.211, 0.257, 0.228, 0.215, 0.16, 0.037, 0.012, 0.049, 0.029, 0.06, 0.043, 0.037, 0.0020, 0.033, 0.026, 0.018, 0.011, 0.012, 0.0080, 0.0020, 0.012, 0.0050, 0.0080, 0.0080, 0.0060, 0.0060, 0.0040,0
0.02, 0.01, 0.032, 0.024, 0.081, 0.153, 0.115, 0.20939132775817798, 0.132, 0.137, 0.084, 0.027, 0.125, 0.305, 0.558, 0.797, 0.834, 0.3091233422702931, 0.862, 0.877, 0.941, 0.94, 0.941, 1.0, 0.972, 0.931, 0.935, 0.732, 0.442, 0.324, 0.416, 0.461, 0.403, 0.3, 0.246, 0.135, 0.254, 0.226, 0.16, 0.148, 0.7520200786171528, 0.057, 0.086, 0.126, 0.115, 0.057, 0.043, 0.042, 0.024, 0.0010, 0.019, 0.013, 0.0080, 0.0070, 0.0040, 0.0060, 0.0050, 0.016423205886134693, 0.0070, 0.0050,0
0.041, 0.042, 0.057, 0.013, 0.018, 0.102, 0.105, 0.107, 0.23, 0.226, 0.237, 0.332, 0.383, 0.484, 0.681, 0.756, 0.952, 0.983, 0.887, 0.827, 0.756, 0.822, 0.697, 0.644, 0.695, 0.801, 0.605, 0.608, 0.888, 0.856, 0.556, 0.29, 0.364, 0.479, 0.291, 0.09, 0.204, 0.171, 0.041, 0.129, 0.158, 0.219, 0.17, 0.097, 0.222, 0.273, 0.187, 0.106, 0.066, 0.04, 0.011, 0.0030, 0.0040, 0.01, 0.012, 0.0090, 0.0060, 0.0060, 0.0030, 0.0080,0
0.019, 0.037, 0.095, 0.2818732585273388, 0.2120538061994719, 0.049, 0.142, 0.197, 0.187, 0.181, 0.214, 0.152, 0.198, 0.484, 0.73, 0.781, 0.791, 0.612, 0.42, 0.281, 0.515, 0.757, 0.86, 1.0, 0.846, 0.68, 0.697, 0.584, 0.477, 0.52, 0.424, 0.159, 0.167, 0.059, 0.397, 0.715, 0.732, 0.351, 0.059, 0.269, 0.42, 0.387, 0.7099155063456659, 0.2, 0.231, 0.189, 0.3846416984406863, 0.17, 0.137, 0.014188347317322238, 0.014, 0.0090, 0.0030, 0.011, 0.0030, 0.0060, 0.0090, 0.0060, 0.0070, 0.0020,0
0.131, 0.234, 0.306, 0.426, 0.401, 0.179, 0.185, 0.0060, 0.018871192576799353, 0.223, 0.291, 0.226, 0.314, 0.9200202321179725, 0.366, 0.396, 0.439, 0.467, 0.22653917150887176, 0.374, 0.224, 0.197, 0.434, 0.653, 0.507, 0.28, 0.416, 0.595, 0.524, 0.418, 0.371, 0.238, 0.06461038243226017, 0.144, 0.29, 0.458, 0.372, 0.337, 0.38, 0.418, 0.36, 0.271, 0.0745915726622547, 0.18969642358405897, 0.22485112052779904, 0.225, 0.192, 0.15, 0.066, 0.019, 0.016, 0.036, 0.021, 0.015, 0.018, 0.0010, 0.011, 0.013, 0.018, 0.023,1
0.02, 0.042, 0.055, 0.078, 0.062, 0.087, 0.12, 0.271, 0.121, 0.028, 0.225, 0.262, 0.177, 0.371, 0.453, 0.555, 0.462, 0.38, 0.345, 0.266, 0.24, 0.113, 0.256, 0.517, 0.378, 0.408, 0.535, 0.512, 0.8870052852274396, 0.426, 0.387, 0.394, 0.466, 0.397, 0.219, 0.182, 0.102, 0.211, 0.325, 0.37, 0.42375379972992316, 0.301, 0.256, 0.193, 0.206, 0.175, 0.084, 0.104, 0.064, 0.015, 0.0080, 0.019, 0.018, 0.016, 0.029, 0.0090, 0.006107782754606517, 0.022, 0.019, 0.01,1
0.063, 0.106, 0.153, 0.123, 0.144, 0.119, 0.088, 0.04343418790689534, 0.211, 0.36, 0.547, 0.52, 0.513, 0.54, 0.656, 0.87, 0.979, 0.934, 0.14180724564748987, 0.738, 0.691, 0.385, 0.067, 0.05, 0.272, 0.284, 0.223, 0.191, 0.041, 0.253, 0.198, 0.189, 0.243, 0.196, 0.267, 0.134, 0.107, 0.202, 0.179, 0.023, 0.131, 0.178, 0.07969143337190417, 0.163, 0.071, 0.013, 0.08, 0.076, 0.012, 0.0060, 0.026, 0.0090, 0.026, 0.011, 0.014, 0.019, 0.023, 0.0060, 0.011, 0.013,1
0.059, 0.121, 0.127, 0.15, 0.144, 0.056, 0.083, 0.067, 0.137, 0.235, 0.321, 0.426, 0.52, 0.491, 0.595, 0.722, 0.904, 0.911, 0.872, 0.769, 0.733, 0.522, 0.31, 0.317, 0.227, 0.164, 0.175, 0.184, 0.205, 0.167, 0.277, 0.31, 0.34, 0.444, 0.505, 0.281, 0.168, 0.263, 0.32, 0.30988147170140445, 0.093, 0.044, 0.078, 0.072, 0.04, 0.055, 0.108, 0.114, 0.077, 0.026, 0.022, 0.033, 0.011, 0.0090, 0.016, 0.021353149865603344, 0.0040, 0.01, 0.023, 0.012,1
0.012, 0.018, 0.045, 0.11, 0.191, 0.092, 0.076, 0.109, 0.076, 0.101, 0.25, 0.399, 0.381, 0.475, 0.616, 0.646, 0.802, 0.921, 0.983, 0.963, 0.865, 0.832, 0.828, 0.801, 0.61, 0.485, 0.436, 0.431, 0.44, 0.383, 0.303, 0.304, 0.32, 0.6705183979071487, 0.213, 0.235, 0.32, 0.446, 0.366, 0.272, 0.175, 0.178, 0.22, 0.106, 0.2276260119638466, 0.031, 0.024, 0.047, 0.01, 0.0060, 0.0030, 0.016, 0.01, 0.0080, 0.027, 0.028, 0.008466232285943402, 0.0050, 0.015, 0.0090,1
0.0090, 0.15754004805733918, 0.02541796662458637, 0.2625967136101324, 0.13, 0.18, 0.191, 0.14561751458738406, 0.187, 0.172, 0.223, 0.311, 0.414, 0.516, 0.537, 0.511, 0.644, 0.733, 0.816, 0.886, 0.989, 1.0, 0.875, 0.863, 0.29320295185530626, 0.867, 0.775, 0.66, 0.562, 0.402, 0.233, 0.116, 0.11, 0.043, 0.062, 0.196, 0.212, 0.324, 0.41, 0.294, 0.191, 0.7976468146503081, 0.101, 0.151, 0.143, 0.11, 0.117, 0.097, 0.07, 0.028, 0.022, 0.015, 0.011, 0.024, 0.016, 0.0060, 0.0080, 0.0060, 0.0090, 0.0070,1
0.027, 0.016, 0.034, 0.025, 0.082, 0.126, 0.05418803512798344, 0.158, 0.202, 0.212, 0.221, 0.24, 0.296, 0.406, 0.51, 0.551, 0.661, 0.68, 0.652, 0.679, 0.781, 0.837, 0.897, 0.986, 1.0, 0.94, 0.892, 0.81, 0.683, 0.557, 0.43, 0.334, 0.204, 0.08, 0.081, 0.152, 0.263, 0.246, 0.198, 0.7109980098449155, 0.241, 0.19, 0.208, 0.177, 0.112, 0.078, 0.134, 0.096, 0.06, 0.033, 0.02, 0.019, 0.02, 0.0080, 0.0040, 0.0090, 0.014, 0.0090, 0.01, 0.0090,1
0.072, 0.085, 0.059, 0.022, 0.086, 0.18, 0.192, 0.19, 0.296, 0.419, 0.487, 0.525, 0.596, 0.686, 0.857, 0.972, 0.869, 0.871, 0.5410545447473541, 0.992, 0.898, 0.816, 0.837, 0.754, 0.589, 0.549, 0.564, 0.541, 0.478, 0.444, 0.37, 0.257, 0.148, 0.174, 0.123, 0.159, 0.18, 0.144, 0.167, 0.263, 0.223, 0.124, 0.087, 0.209, 0.15, 0.068, 0.09, 0.093, 0.066, 0.0090, 0.022, 0.015, 0.012, 0.01, 0.02, 0.0040, 0.0070, 0.01, 0.0080, 0.012,1
0.079, 0.071, 0.035, 0.166, 0.133, 0.023, 0.077, 0.268, 0.566, 0.661, 0.5, 0.258, 0.165, 0.435, 0.452, 0.458, 0.337, 0.4, 0.532, 0.901, 0.994, 0.369, 0.101, 0.025, 0.232, 0.398, 0.226, 0.525, 0.69, 0.832, 0.433, 0.374, 0.576, 0.804, 0.796, 0.717, 0.706, 0.815, 0.76, 0.603, 0.455, 0.473, 0.448, 0.372, 0.469, 0.384, 0.077, 0.147, 0.078, 0.047, 0.019, 0.06254043111753194, 0.039, 0.029, 0.018, 0.025, 0.014, 0.0070, 0.0020, 0.01,1
0.041, 0.04496769362198368, 0.052, 0.023, 0.065, 0.112, 0.179, 0.241, 0.268, 0.206, 0.155, 0.267, 0.314, 0.29, 0.353, 0.508, 0.464, 0.186, 0.447, 0.408, 0.54, 0.479, 0.433, 0.611, 0.509, 0.461, 0.724, 0.899, 0.883, 0.92, 0.8, 0.603, 0.212, 0.287, 0.403, 0.28, 0.309, 0.355, 0.254, 0.143, 0.587, 0.643, 0.583, 0.429, 0.489, 0.578, 0.432, 0.264, 0.179, 0.077, 0.08, 0.038, 0.014, 0.027, 0.04326191818859938, 0.017, 0.01, 0.022, 0.01, 0.0080,1
0.053, 0.056, 0.122, 0.121, 0.025, 0.102, 0.054, 0.044, 0.229, 0.163, 0.254, 0.281, 0.301, 0.336, 0.302, 0.228, 0.291, 0.132, 0.115, 0.36518058232105816, 0.556, 0.638, 0.655, 0.738, 0.653, 0.542, 0.739597213744092, 0.732, 0.773, 0.823, 0.879, 0.04775980671652588, 0.67, 0.609, 0.75, 0.478, 0.167, 0.375, 0.378, 0.211, 0.589, 0.563, 0.258, 0.524, 0.615, 0.512, 0.338, 0.15, 0.055, 0.027, 0.038, 0.034, 0.015, 0.034, 0.038, 0.017, 0.01925253856537224, 0.01, 0.036, 0.014094414276791367,1
0.065, 0.065, 0.074, 0.113, 0.248, 0.126, 0.18, 0.099, 0.246, 0.342, 0.213, 0.138, 0.403, 0.568, 0.24, 0.433, 0.595, 0.577, 0.818, 0.884, 0.525, 0.637, 0.838, 0.67, 0.776, 0.875, 0.83, 0.69, 0.337, 0.64, 0.714, 0.82, 0.666, 0.525, 0.296, 0.07, 0.097, 0.394, 0.603, 0.352, 0.392, 0.481, 0.46, 0.416, 0.544, 0.565, 0.32, 0.248, 0.13, 0.082, 0.024, 0.026878440094152103, 0.036, 0.00127165472234405, 0.045, 0.039, 0.036, 0.036933130272881386, 0.024, 0.01,1
0.071, 0.09, 0.128, 0.15, 0.128, 0.116, 0.128, 0.168, 0.183, 0.213, 0.289, 0.398, 0.458, 0.582, 0.503, 0.9194960743390248, 0.258, 0.318, 0.274, 0.619, 0.896, 0.744, 0.519, 0.281, 0.177, 0.661, 0.758, 0.512, 0.47, 0.548, 0.435, 0.128, 0.26813972941137376, 0.093, 0.031, 0.1, 0.178, 0.19971575208281067, 0.3, 0.221, 0.58474665254465, 0.08529119369208142, 0.32, 0.141, 0.063, 0.073, 0.08, 0.14541708798134168, 0.056, 0.029, 0.015, 0.015, 0.016, 0.0050, 0.0030, 0.0050, 0.0090, 0.01, 0.01, 0.0070,1
0.023, 0.039, 0.042, 0.055, 0.099, 0.152, 0.167, 0.151, 0.172, 0.208, 0.124, 0.024, 0.177, 0.312, 0.499, 0.671, 0.766, 0.848, 0.98, 1.0, 1.0, 0.999, 0.907, 0.68, 0.26155219795497886, 0.2565156628118166, 0.498, 0.62, 0.717, 0.632, 0.558514218213622, 0.29, 0.432, 0.379, 0.242, 0.094, 0.035, 0.043189721767601955, 0.044, 0.7766966410099289, 0.204, 0.194, 0.083, 0.10218263146052665, 0.168, 0.106, 0.111, 0.085, 0.06, 0.02, 0.0070, 0.01, 0.0060, 0.01629746219732274, 0.0020, 0.0060, 0.0040, 0.01, 0.012106279112423369, 0.0010,1
0.032181935756742476, 0.018, 0.027, 0.023, 0.072, 0.083, 0.123, 0.13, 0.208, 0.272, 0.219, 0.304, 0.32924838244781096, 0.206, 0.091, 0.161, 0.18, 0.218, 0.203, 0.151, 0.052, 0.214, 0.433, 0.594, 0.693, 0.758, 0.879, 0.906, 0.853, 0.909, 0.966, 0.931, 0.777, 0.664, 0.66, 0.688, 0.694, 0.593, 0.577, 0.622, 0.584, 0.453, 0.491, 0.576, 0.501, 0.404, 0.312, 0.223, 0.108, 0.041, 0.025, 0.013, 0.0050, 0.01, 0.01, 0.0090, 0.0080, 0.0015519950616993, 0.0050, 0.0040,1
0.026, 0.043, 0.055, 0.068, 0.296690432160555, 0.125, 0.13, 0.173, 0.279, 0.295, 0.251, 0.26, 0.225, 0.212, 0.127, 0.119, 0.179, 0.218, 0.165, 0.074, 0.062, 0.238, 0.482, 0.637, 0.753, 0.896, 0.994, 0.996, 0.933, 0.934, 0.3243458072129511, 0.8303567783879947, 0.686, 0.639, 0.638, 0.6858742770044772, 0.598, 0.456, 0.313, 0.416, 0.432, 0.403, 0.42, 0.456, 0.396, 0.297, 0.21, 0.156, 0.088, 0.026, 0.012, 0.0090, 0.0060, 0.0020, 0.0040, 0.027292359569410878, 0.0030, 0.0060, 0.0050, 0.0050,1
0.013, 0.017, 0.018, 0.036, 0.044, 0.074, 0.08, 0.046, 0.037, 0.125, 0.24, 0.232, 0.11792820380835983, 0.147, 0.067, 0.11, 0.235, 0.328, 0.442, 0.517, 0.651, 0.779, 0.798, 0.779, 0.859, 0.932, 0.945, 0.864, 0.722, 0.485, 0.136, 0.295, 0.472, 0.604, 0.808, 0.987, 0.88, 0.641, 0.428, 0.27, 0.264, 0.334, 0.434, 0.454, 0.396, 0.252, 0.108, 0.037, 0.029, 0.01, 0.0050, 0.0090, 0.0050, 0.0050, 0.0020, 0.0010, 0.0040, 0.0020, 0.0030, 0.0040,1
0.02, 0.016, 0.034, 0.033, 0.04, 0.044, 0.068, 0.09, 0.174, 0.257, 0.293, 0.311, 0.36, 0.3, 0.272, 0.201, 0.18, 0.223, 0.357, 0.549, 0.721, 0.832, 0.886, 0.952, 0.964, 1.0, 0.967, 0.866, 0.79, 0.634, 0.535, 0.406, 0.256, 0.289, 0.359, 0.43, 0.477, 0.452, 0.376, 0.6840957403988801, 0.192, 0.118, 0.198, 0.157, 0.066, 0.129, 0.08, 0.0050, 0.023, 0.015, 0.012, 0.0050, 0.0060, 0.014, 0.011, 0.0040, 0.0060, 0.01, 0.0080, 0.0040,1
0.042, 0.032, 0.071, 0.011, 0.107, 0.097, 0.096, 0.132, 0.246, 0.41641207471522784, 0.341, 0.429, 0.368, 0.394, 0.296, 0.317, 0.282, 0.305, 0.241, 0.5608065022078357, 0.68, 0.632, 0.582, 0.68, 0.598, 0.841, 0.991, 0.919, 0.893609710212706, 0.671, 0.563, 0.733, 0.604, 0.258, 0.035, 0.18, 0.304, 0.476, 0.576, 0.425, 0.505, 0.718, 0.616, 0.566, 0.575, 0.359, 0.253, 0.23, 0.127, 0.036, 0.037, 0.018, 0.0040, 0.0090, 0.03997579903038587, 0.0080, 0.0060, 0.0020, 0.0040, 0.0020,1
0.0050, 0.0020, 0.027, 0.045, 0.096, 0.083, 0.088, 0.19397728757303612, 0.198, 0.228, 0.252, 0.348, 0.331, 0.261, 0.178, 0.206, 0.23, 0.354, 0.622, 0.726, 0.835, 0.827, 0.2557904761004705, 0.941, 0.951, 0.7150733680005821, 0.997, 1.0, 0.1517086095799945, 0.641, 0.386, 0.291, 0.204, 0.165, 0.177, 0.114, 0.074, 0.094, 0.062, 0.043, 0.057, 0.107, 0.191, 0.223, 0.22, 0.226, 0.177, 0.11, 0.056, 0.014, 0.028, 0.016, 0.0060, 0.0010, 0.0030, 0.0060, 0.0020, 0.0060, 0.0020, 0.0030,1
0.037, 0.042, 0.05, 0.025, 0.06, 0.025, 0.096, 0.099, 0.142, 0.185, 0.222, 0.265, 0.251, 0.229, 0.156, 0.186, 0.239, 0.334, 0.523, 0.668, 0.777, 0.793, 0.794, 0.913, 0.95, 0.984, 1.0, 0.947, 0.824, 0.625, 0.418, 0.321, 0.266, 0.22, 0.159, 0.056, 0.4859878271331517, 0.17, 0.122, 0.128, 0.039, 0.133, 0.233, 0.247, 0.196, 0.198, 0.157, 0.092, 0.055, 0.019, 0.017, 0.013, 0.0030, 0.0020, 0.0060, 0.0020, 0.0020, 0.0020, 0.0030, 0.0030,1
0.027, 0.038, 0.049, 0.085, 0.113, 0.11, 0.135, 0.3045151881164674, 0.311, 0.19024204798863317, 0.394, 0.331, 0.293, 0.176, 0.174, 0.204, 0.209, 0.268, 0.243, 0.184, 0.28, 0.617, 0.802, 0.831, 0.844, 0.849, 0.917, 1.0, 0.79, 0.537, 0.647, 0.65, 0.496, 0.218, 0.6378892673882398, 0.043, 0.171, 0.198, 0.188, 0.111, 0.17, 0.058, 0.064, 0.139, 0.064, 0.058, 0.064, 0.104, 0.073, 0.028, 0.015, 0.0090, 0.0040, 0.0040, 0.0040, 0.01, 0.0050, 0.0050, 0.0060, 0.01,1
